[[[[111, 119, 85, 1, 64], [157, 89, 10, 163, 245]], 'Blue'], [[[90, 5, 10, 29, 412], [41, 54, 15, 555, 157]], 'Blue'], [[[14, 50, 202, 126, 121], [86, 59, 22, 161, 38]], 'Blue'], [[[36, 498, 497, 164, 79], [54, 157, 203, 145, 99]], 'Red']]
[[[[11, 236, 161, 38, 104], [3, 35, 17, 45, 64]], 'Red'], [[[223, 82, 112, 518, 203], [15, 74, 32, 11, 63]], 'Red'], [[[238, 222, 60, 134, 105], [9, 29, 420, 99, 35]], 'Red'], [[[13, 518, 53, 201, 4], [72, 126, 412, 112, 516]], 'Red']]
[[[[3, 15, 54, 40, 80], [60, 82, 91, 22, 117]], 'Red'], [[[4, 412, 498, 80, 30], [421, 61, 145, 497, 114]], 'Blue'], [[[63, 64, 236, 61, 498], [497, 31, 121, 81, 55]], 'Red'], [[[84, 427, 107, 150, 421], [64, 8, 55, 39, 497]], 'Red']]
[[[[412, 67, 110, 142, 154], [64, 119, 53, 55, 122]], 'Red'], [[[143, 420, 114, 119, 64], [80, 421, 497, 84, 145]], 'Blue'], [[[39, 245, 80, 134, 55], [555, 61, 126, 86, 107]], 'Blue'], [[[91, 350, 236, 421, 84], [56, 1, 21, 76, 12]], 'Red']]
[[[[267, 114, 518, 51, 121], [16, 81, 517, 80, 102]], 'Red'], [[[25, 236, 92, 102, 7], [37, 245, 110, 83, 55]], 'Red'], [[[28, 99, 36, 25, 22], [126, 45, 54, 83, 3]], 'Red'], [[[432, 81, 24, 9, 31], [15, 142, 420, 121, 164]], 'Red']]
[[[[121, 114, 84, 28, 12], [43, 2, 41, 236, 136]], 'Blue'], [[[121, 114, 222, 555, 57], [36, 134, 142, 238, 17]], 'Blue'], [[[48, 145, 8, 63, 22], [555, 114, 54, 15, 119]], 'Blue'], [[[76, 13, 161, 420, 68], [223, 38, 110, 55, 517]], 'Blue']]
[[[[35, 45, 240, 76, 18], [126, 61, 245, 267, 236]], 'Blue'], [[[17, 223, 42, 89, 34], [99, 119, 86, 427, 51]], 'Red'], [[[55, 114, 498, 518, 412], [106, 98, 96, 10, 21]], 'Red'], [[[92, 40, 86, 25, 22], [236, 420, 141, 43, 64]], 'Red']]
[[[[44, 11, 54, 45, 412], [99, 119, 111, 420, 145]], 'Blue'], [[[54, 30, 15, 111, 157], [85, 89, 119, 44, 11]], 'Red'], [[[119, 111, 24, 10, 203], [157, 30, 51, 54, 555]], 'Red'], [[[40, 421, 84, 498, 91], [58, 30, 75, 51, 497]], 'Blue']]
[[[[64, 55, 157, 145, 53], [30, 240, 38, 555, 119]], 'Blue'], [[[35, 80, 34, 412, 51], [64, 25, 58, 236, 142]], 'Red'], [[[134, 80, 119, 30, 111], [161, 82, 81, 53, 421]], 'Blue'], [[[45, 4, 55, 121, 41], [10, 131, 134, 89, 107]], 'Blue']]
[[[[2, 69, 267, 141, 119], [84, 51, 13, 99, 427]], 'Red'], [[[13, 103, 101, 131, 29], [266, 122, 8, 429, 59]], 'Red'], [[[141, 59, 2, 267, 10], [53, 429, 104, 51, 74]], 'Red'], [[[80, 133, 115, 117, 92], [61, 134, 29, 17, 10]], 'Blue']]
[[[[51, 16, 134, 75, 266], [67, 245, 497, 36, 96]], 'Red'], [[[81, 99, 63, 107, 92], [64, 517, 150, 31, 80]], 'Blue'], [[[14, 10, 203, 161, 81], [64, 82, 245, 429, 154]], 'Blue'], [[[53, 29, 105, 33, 41], [119, 36, 145, 157, 412]], 'Red']]
[[[[110, 111, 245, 134, 85], [13, 223, 80, 81, 141]], 'Red'], [[[22, 245, 143, 60, 240], [53, 145, 58, 2, 38]], 'Red'], [[[30, 74, 150, 29, 39], [117, 85, 50, 254, 202]], 'Red'], [[[29, 121, 38, 164, 117], [10, 157, 35, 145, 412]], 'Blue']]
[[[[110, 111, 245, 134, 85], [13, 223, 80, 81, 141]], 'Red'], [[[412, 80, 240, 8, 22], [76, 497, 21, 164, 13]], 'Red'], [[[105, 498, 43, 76, 84], [236, 25, 8, 107, 10]], 'Blue'], [[[43, 498, 150, 10, 60], [39, 1, 163, 107, 16]], 'Blue']]
[[[[40, 15, 57, 134, 203], [36, 412, 22, 84, 8]], 'Blue'], [[[25, 157, 69, 8, 64], [13, 145, 134, 56, 43]], 'Red'], [[[154, 8, 86, 111, 157], [89, 516, 13, 421, 202]], 'Red'], [[[122, 105, 497, 498, 120], [117, 92, 59, 8, 29]], 'Red']]
[[[[117, 498, 30, 99, 122], [39, 555, 50, 107, 43]], 'Red'], [[[497, 498, 164, 142, 36], [145, 111, 57, 30, 39]], 'Blue'], [[[30, 145, 23, 246, 201], [39, 497, 498, 427, 57]], 'Red'], [[[39, 145, 64, 12, 61], [111, 41, 3, 498, 56]], 'Blue']]
[[[[72, 41, 498, 26, 497], [7, 64, 122, 81, 89]], 'Red'], [[[8, 222, 412, 61, 203], [90, 497, 2, 68, 498]], 'Red'], [[[412, 51, 85, 121, 82], [53, 39, 15, 60, 68]], 'Blue'], [[[76, 105, 498, 85, 111], [119, 412, 114, 2, 517]], 'Red']]
[[[[157, 18, 498, 111, 245], [67, 63, 28, 131, 126]], 'Red'], [[[412, 80, 240, 8, 22], [76, 497, 21, 164, 13]], 'Red'], [[[111, 157, 23, 61, 60], [145, 104, 68, 518, 53]], 'Blue'], [[[143, 420, 114, 119, 64], [80, 421, 497, 84, 145]], 'Blue']]
[[[[111, 86, 119, 245, 246], [35, 10, 421, 164, 115]], 'Red'], [[[29, 13, 44, 85, 141], [31, 86, 59, 555, 81]], 'Blue'], [[[126, 412, 8, 60, 145], [51, 1, 39, 497, 2]], 'Blue'], [[[245, 86, 498, 53, 10], [157, 79, 55, 41, 106]], 'Red']]
[[[[245, 64, 236, 164, 111], [80, 7, 350, 134, 41]], 'Red'], [[[41, 236, 7, 80, 245], [164, 36, 142, 412, 145]], 'Blue'], [[[7, 51, 64, 25, 8], [53, 15, 203, 68, 61]], 'Red'], [[[134, 25, 51, 516, 92], [38, 497, 236, 8, 245]], 'Blue']]
[[[[245, 86, 498, 53, 10], [157, 79, 55, 41, 106]], 'Red'], [[[420, 245, 10, 81, 432], [68, 30, 145, 39, 412]], 'Red'], [[[76, 9, 112, 498, 41], [22, 55, 245, 143, 31]], 'Red'], [[[24, 80, 113, 82, 59], [16, 112, 81, 240, 121]], 'Blue']]
[[[[111, 119, 85, 1, 64], [157, 89, 10, 163, 245]], 'Blue'], [[[25, 90, 24, 145, 126], [67, 74, 59, 53, 8]], 'Red'], [[[421, 61, 81, 8, 16], [126, 7, 267, 18, 64]], 'Blue'], [[[112, 11, 44, 30, 25], [64, 145, 26, 85, 246]], 'Blue']]
[[[[83, 111, 245, 67, 90], [45, 64, 53, 99, 80]], 'Blue'], [[[111, 8, 142, 28, 157], [421, 69, 86, 74, 223]], 'Red'], [[[51, 103, 35, 114, 104], [80, 222, 117, 38, 74]], 'Red'], [[[107, 18, 59, 75, 245], [18, 99, 267, 266, 64]], 'Blue']]
[[[[350, 38, 107, 164, 236], [112, 201, 81, 245, 114]], 'Blue'], [[[60, 497, 18, 13, 14], [10, 8, 81, 48, 555]], 'Red'], [[[64, 80, 10, 145, 16], [245, 75, 41, 497, 498]], 'Red'], [[[90, 82, 412, 498, 141], [24, 145, 201, 45, 121]], 'Blue']]
[[[[85, 2, 412, 498, 84], [64, 55, 1, 145, 41]], 'Red'], [[[41, 35, 127, 36, 236], [98, 412, 2, 145, 84]], 'Red'], [[[164, 157, 101, 51, 245], [412, 59, 122, 498, 84]], 'Red'], [[[76, 18, 89, 21, 84], [122, 55, 101, 202, 141]], 'Red']]
[[[[134, 114, 2, 119, 412], [25, 39, 5, 145, 246]], 'Red'], [[[45, 4, 55, 121, 41], [10, 131, 134, 89, 107]], 'Blue'], [[[16, 51, 80, 59, 31], [427, 17, 18, 350, 117]], 'Blue'], [[[122, 134, 80, 59, 555], [236, 89, 86, 107, 131]], 'Blue']]
[[[[53, 105, 36, 236, 68], [203, 84, 1, 555, 498]], 'Blue'], [[[245, 18, 89, 26, 98], [92, 412, 145, 13, 421]], 'Blue'], [[[84, 111, 22, 60, 58], [134, 10, 121, 222, 143]], 'Blue'], [[[202, 16, 76, 14, 157], [35, 53, 101, 92, 22]], 'Blue']]
[[[[60, 350, 240, 236, 86], [20, 99, 92, 10, 498]], 'Blue'], [[[2, 41, 105, 350, 22], [82, 16, 76, 86, 202]], 'Blue'], [[[86, 30, 41, 145, 40], [84, 134, 203, 157, 555]], 'Red'], [[[51, 86, 412, 24, 245], [89, 202, 121, 82, 164]], 'Red']]
[[[[145, 64, 13, 99, 80], [17, 41, 4, 25, 21]], 'Red'], [[[134, 114, 2, 119, 412], [25, 39, 5, 145, 246]], 'Red'], [[[53, 8, 202, 80, 163], [84, 111, 134, 421, 119]], 'Blue'], [[[421, 61, 432, 50, 122], [57, 13, 245, 145, 53]], 'Blue']]
[[[[13, 555, 202, 245, 164], [497, 145, 18, 203, 3]], 'Red'], [[[350, 518, 72, 145, 86], [161, 99, 98, 84, 48]], 'Red'], [[[81, 28, 99, 39, 14], [50, 246, 24, 134, 67]], 'Red'], [[[145, 14, 80, 13, 53], [40, 64, 22, 86, 518]], 'Red']]
[[[[91, 236, 89, 10, 36], [238, 64, 497, 517, 134]], 'Red'], [[[141, 412, 127, 114, 145], [59, 517, 41, 236, 111]], 'Blue'], [[[9, 202, 245, 412, 14], [119, 84, 35, 238, 20]], 'Red'], [[[154, 8, 86, 111, 157], [89, 516, 13, 421, 202]], 'Red']]
[[[[81, 64, 35, 85, 10], [61, 86, 498, 497, 78]], 'Blue'], [[[42, 157, 8, 80, 2], [98, 421, 145, 111, 134]], 'Red'], [[[59, 8, 202, 25, 45], [18, 89, 61, 64, 126]], 'Red'], [[[57, 236, 497, 7, 245], [498, 89, 68, 104, 3]], 'Red']]
[[[[246, 59, 38, 35, 69], [412, 81, 2, 91, 39]], 'Blue'], [[[84, 92, 81, 157, 53], [127, 16, 236, 39, 163]], 'Red'], [[[22, 246, 555, 516, 2], [91, 145, 497, 245, 10]], 'Red'], [[[98, 145, 412, 79, 84], [238, 203, 8, 111, 22]], 'Red']]
[[[[126, 81, 26, 517, 79], [157, 64, 10, 134, 80]], 'Red'], [[[12, 8, 64, 84, 236], [59, 81, 89, 245, 13]], 'Red'], [[[267, 9, 517, 59, 81], [142, 101, 222, 75, 76]], 'Blue'], [[[99, 61, 267, 4, 75], [42, 12, 117, 13, 67]], 'Red']]
[[[[80, 10, 498, 64, 35], [69, 59, 236, 86, 516]], 'Red'], [[[80, 53, 145, 72, 157], [60, 114, 55, 236, 516]], 'Blue'], [[[60, 412, 4, 122, 145], [498, 516, 38, 24, 11]], 'Blue'], [[[38, 84, 99, 64, 81], [21, 421, 10, 516, 85]], 'Blue']]
[[[[121, 81, 53, 164, 80], [39, 20, 145, 115, 43]], 'Blue'], [[[54, 85, 497, 39, 29], [107, 19, 57, 420, 9]], 'Blue'], [[[81, 150, 68, 421, 412], [69, 21, 121, 80, 25]], 'Red'], [[[131, 69, 53, 51, 92], [245, 81, 90, 267, 114]], 'Red']]
[[[[82, 246, 498, 555, 56], [4, 201, 110, 516, 64]], 'Blue'], [[[84, 432, 64, 14, 145], [74, 134, 555, 107, 236]], 'Blue'], [[[41, 245, 4, 67, 412], [28, 58, 39, 111, 145]], 'Red'], [[[10, 518, 164, 29, 145], [103, 163, 122, 81, 35]], 'Blue']]
[[[[58, 81, 103, 40, 203], [92, 350, 9, 238, 157]], 'Blue'], [[[266, 81, 69, 19, 555], [145, 26, 64, 85, 90]], 'Red'], [[[203, 134, 497, 80, 498], [8, 421, 412, 6, 145]], 'Blue'], [[[64, 55, 145, 24, 53], [412, 60, 164, 4, 51]], 'Red']]
[[[[2, 51, 92, 50, 1], [245, 157, 24, 267, 105]], 'Blue'], [[[22, 350, 246, 516, 86], [64, 127, 50, 10, 81]], 'Red'], [[[86, 107, 25, 157, 202], [51, 412, 111, 53, 50]], 'Blue'], [[[25, 10, 421, 22, 101], [106, 38, 163, 14, 240]], 'Red']]
[[[[121, 10, 69, 236, 412], [22, 53, 421, 90, 133]], 'Blue'], [[[163, 516, 412, 39, 145], [157, 81, 35, 421, 3]], 'Red'], [[[412, 127, 133, 64, 15], [145, 121, 81, 83, 53]], 'Blue'], [[[498, 99, 164, 16, 203], [30, 245, 555, 157, 145]], 'Red']]
[[[[81, 80, 40, 121, 10], [82, 114, 79, 498, 497]], 'Blue'], [[[80, 61, 60, 86, 106], [164, 67, 267, 30, 145]], 'Blue'], [[[67, 76, 498, 555, 101], [69, 203, 238, 114, 497]], 'Red'], [[[2, 74, 350, 142, 236], [498, 111, 245, 39, 10]], 'Blue']]
[[[[53, 79, 157, 31, 51], [350, 86, 82, 69, 120]], 'Blue'], [[[266, 497, 104, 81, 84], [555, 126, 245, 45, 86]], 'Blue'], [[[84, 122, 30, 67, 25], [51, 31, 157, 517, 111]], 'Blue'], [[[64, 222, 68, 89, 80], [517, 236, 203, 84, 40]], 'Blue']]
[[[[236, 86, 45, 254, 25], [85, 11, 246, 81, 53]], 'Red'], [[[26, 64, 80, 11, 25], [412, 27, 32, 106, 134]], 'Red'], [[[83, 84, 17, 202, 115], [110, 16, 72, 68, 4]], 'Blue'], [[[516, 11, 37, 2, 222], [3, 350, 13, 91, 117]], 'Blue']]
[[[[203, 13, 498, 89, 18], [236, 54, 55, 35, 497]], 'Red'], [[[81, 107, 55, 10, 497], [555, 50, 8, 121, 105]], 'Blue'], [[[39, 245, 80, 134, 55], [555, 61, 126, 86, 107]], 'Blue'], [[[55, 145, 31, 64, 25], [80, 246, 8, 81, 102]], 'Blue']]
[[[[81, 36, 89, 18, 74], [236, 517, 9, 22, 121]], 'Blue'], [[[24, 141, 13, 89, 145], [74, 35, 164, 497, 498]], 'Blue'], [[[161, 67, 35, 412, 122], [157, 36, 555, 134, 76]], 'Blue'], [[[141, 34, 131, 412, 145], [13, 20, 114, 25, 51]], 'Red']]
[[[[412, 22, 91, 121, 68], [64, 25, 30, 39, 51]], 'Blue'], [[[7, 51, 64, 25, 8], [53, 15, 203, 68, 61]], 'Red'], [[[25, 69, 28, 223, 18], [164, 35, 39, 81, 16]], 'Red'], [[[81, 76, 145, 236, 412], [51, 92, 11, 13, 33]], 'Blue']]
[[[[236, 12, 427, 107, 13], [98, 157, 64, 50, 25]], 'Blue'], [[[80, 81, 98, 25, 134], [41, 3, 555, 145, 121]], 'Red'], [[[145, 30, 246, 25, 98], [101, 41, 79, 43, 81]], 'Red'], [[[98, 145, 36, 89, 112], [101, 121, 555, 236, 41]], 'Red']]
[[[[74, 81, 9, 24, 141], [10, 85, 15, 35, 555]], 'Red'], [[[163, 81, 10, 497, 64], [145, 203, 74, 53, 245]], 'Red'], [[[30, 26, 91, 74, 136], [245, 498, 555, 86, 64]], 'Red'], [[[21, 420, 350, 72, 8], [555, 80, 45, 240, 121]], 'Red']]
[[[[25, 51, 350, 7, 39], [145, 134, 64, 27, 267]], 'Blue'], [[[105, 412, 51, 92, 86], [122, 421, 39, 117, 81]], 'Blue'], [[[202, 53, 35, 131, 54], [13, 157, 22, 80, 76]], 'Blue'], [[[39, 81, 55, 555, 64], [24, 134, 99, 80, 79]], 'Red']]
[[[[4, 412, 498, 80, 30], [421, 61, 145, 497, 114]], 'Blue'], [[[236, 145, 30, 40, 91], [53, 2, 41, 238, 134]], 'Blue'], [[[432, 121, 41, 22, 134], [53, 4, 83, 145, 5]], 'Blue'], [[[107, 54, 161, 35, 15], [145, 121, 24, 412, 90]], 'Red']]
[[[[4, 412, 498, 80, 30], [421, 61, 145, 497, 114]], 'Blue'], [[[76, 161, 266, 267, 141], [142, 34, 61, 202, 15]], 'Blue'], [[[498, 99, 164, 16, 203], [30, 245, 555, 157, 145]], 'Red'], [[[32, 38, 13, 143, 498], [89, 3, 145, 28, 58]], 'Red']]
[[[[497, 498, 79, 131, 114], [517, 201, 236, 141, 122]], 'Red'], [[[120, 236, 18, 26, 75], [69, 119, 267, 24, 141]], 'Blue'], [[[240, 50, 13, 2, 555], [69, 122, 141, 53, 10]], 'Red'], [[[134, 41, 9, 13, 2], [133, 202, 267, 38, 141]], 'Red']]
[[[[76, 161, 266, 267, 141], [142, 34, 61, 202, 15]], 'Blue'], [[[21, 41, 102, 56, 25], [112, 236, 55, 22, 53]], 'Red'], [[[157, 222, 86, 61, 15], [131, 498, 29, 141, 9]], 'Blue'], [[[17, 50, 81, 136, 90], [222, 427, 412, 83, 267]], 'Blue']]
[[[[90, 222, 113, 114, 112], [127, 9, 236, 5, 555]], 'Red'], [[[25, 111, 34, 62, 91], [68, 32, 157, 41, 61]], 'Blue'], [[[25, 412, 104, 136, 77], [44, 10, 59, 45, 498]], 'Red'], [[[143, 18, 107, 102, 74], [246, 122, 13, 54, 16]], 'Red']]
[[[[246, 421, 143, 21, 518], [53, 2, 86, 7, 45]], 'Red'], [[[517, 145, 64, 44, 41], [10, 119, 17, 18, 555]], 'Blue'], [[[121, 10, 69, 236, 412], [22, 53, 421, 90, 133]], 'Blue'], [[[111, 8, 142, 28, 157], [421, 69, 86, 74, 223]], 'Red']]
[[[[92, 103, 67, 497, 154], [516, 412, 145, 10, 121]], 'Blue'], [[[555, 136, 222, 24, 33], [141, 21, 8, 103, 113]], 'Red'], [[[86, 136, 53, 81, 78], [67, 99, 2, 103, 59]], 'Red'], [[[131, 81, 2, 157, 50], [21, 102, 17, 53, 112]], 'Red']]
[[[[246, 421, 143, 21, 518], [53, 2, 86, 7, 45]], 'Red'], [[[163, 157, 122, 134, 53], [30, 127, 240, 236, 412]], 'Red'], [[[53, 105, 36, 236, 68], [203, 84, 1, 555, 498]], 'Blue'], [[[2, 111, 145, 517, 92], [157, 142, 246, 30, 40]], 'Red']]
[[[[45, 555, 121, 51, 164], [517, 421, 9, 145, 58]], 'Red'], [[[164, 30, 40, 498, 4], [145, 203, 58, 55, 555]], 'Red'], [[[203, 240, 236, 412, 82], [53, 80, 112, 157, 56]], 'Red'], [[[54, 203, 12, 240, 81], [30, 114, 498, 53, 74]], 'Blue']]
[[[[163, 157, 122, 134, 53], [30, 127, 240, 236, 412]], 'Red'], [[[64, 55, 157, 145, 53], [30, 240, 38, 555, 119]], 'Blue'], [[[53, 79, 157, 31, 51], [350, 86, 82, 69, 120]], 'Blue'], [[[266, 497, 104, 81, 84], [555, 126, 245, 45, 86]], 'Blue']]
[[[[81, 107, 55, 10, 497], [555, 50, 8, 121, 105]], 'Blue'], [[[105, 35, 202, 39, 40], [64, 99, 10, 51, 43]], 'Red'], [[[18, 35, 10, 154, 412], [245, 99, 41, 81, 555]], 'Red'], [[[111, 7, 67, 36, 23], [236, 2, 50, 105, 157]], 'Blue']]
[[[[164, 245, 80, 202, 412], [17, 518, 121, 114, 61]], 'Red'], [[[145, 64, 13, 99, 80], [17, 41, 4, 25, 21]], 'Red'], [[[517, 145, 64, 44, 41], [10, 119, 17, 18, 555]], 'Blue'], [[[350, 119, 17, 3, 14], [53, 245, 22, 2, 75]], 'Red']]
[[[[110, 111, 245, 134, 85], [13, 223, 80, 81, 141]], 'Red'], [[[134, 114, 2, 119, 412], [25, 39, 5, 145, 246]], 'Red'], [[[74, 81, 9, 24, 141], [10, 85, 15, 35, 555]], 'Red'], [[[80, 74, 35, 81, 104], [497, 498, 114, 18, 9]], 'Blue']]
[[[[142, 30, 236, 555, 58], [4, 76, 350, 81, 86]], 'Red'], [[[81, 54, 246, 111, 13], [412, 41, 107, 69, 145]], 'Blue'], [[[121, 10, 69, 236, 412], [22, 53, 421, 90, 133]], 'Blue'], [[[236, 145, 30, 40, 91], [53, 2, 41, 238, 134]], 'Blue']]
[[[[145, 99, 59, 24, 7], [64, 157, 236, 412, 8]], 'Blue'], [[[98, 8, 157, 76, 555], [236, 89, 5, 41, 7]], 'Blue'], [[[121, 53, 80, 7, 67], [81, 350, 119, 85, 136]], 'Red'], [[[64, 164, 74, 432, 51], [41, 16, 20, 4, 498]], 'Blue']]
[[[[99, 131, 53, 15, 107], [111, 145, 13, 141, 82]], 'Blue'], [[[412, 28, 114, 22, 142], [107, 75, 30, 498, 40]], 'Blue'], [[[145, 8, 58, 5, 26], [17, 157, 79, 34, 43]], 'Red'], [[[141, 498, 497, 54, 84], [89, 236, 8, 121, 13]], 'Red']]
[[[[114, 497, 142, 64, 498], [31, 164, 60, 236, 111]], 'Red'], [[[498, 164, 35, 31, 412], [266, 145, 82, 104, 497]], 'Blue'], [[[29, 13, 44, 85, 141], [31, 86, 59, 555, 81]], 'Blue'], [[[20, 29, 31, 13, 12], [74, 498, 412, 114, 60]], 'Blue']]
[[[[145, 267, 31, 133, 142], [8, 114, 89, 22, 121]], 'Blue'], [[[84, 236, 50, 64, 412], [202, 103, 25, 516, 245]], 'Blue'], [[[134, 114, 145, 30, 53], [497, 163, 246, 98, 498]], 'Blue'], [[[126, 80, 163, 2, 3], [145, 45, 114, 64, 412]], 'Red']]
[[[[555, 51, 245, 17, 45], [236, 80, 107, 60, 117]], 'Red'], [[[53, 120, 58, 145, 134], [498, 64, 4, 68, 555]], 'Red'], [[[26, 69, 20, 114, 110], [64, 8, 145, 91, 25]], 'Red'], [[[75, 222, 60, 412, 517], [555, 58, 154, 518, 145]], 'Red']]
[[[[45, 20, 25, 157, 86], [30, 96, 412, 8, 64]], 'Blue'], [[[58, 10, 15, 64, 12], [89, 30, 164, 498, 157]], 'Red'], [[[44, 72, 80, 45, 516], [99, 498, 86, 163, 141]], 'Blue'], [[[86, 53, 421, 21, 42], [35, 69, 41, 81, 40]], 'Red']]
[[[[240, 134, 421, 555, 157], [105, 121, 45, 133, 350]], 'Red'], [[[15, 150, 112, 35, 63], [53, 246, 202, 80, 54]], 'Blue'], [[[98, 121, 412, 74, 498], [142, 56, 89, 240, 45]], 'Blue'], [[[203, 240, 45, 68, 81], [80, 53, 22, 8, 163]], 'Blue']]
[[[[80, 74, 35, 81, 104], [497, 498, 114, 18, 9]], 'Blue'], [[[58, 28, 498, 84, 350], [111, 90, 246, 104, 145]], 'Red'], [[[223, 86, 74, 121, 22], [51, 412, 114, 107, 90]], 'Blue'], [[[51, 86, 60, 91, 12], [145, 134, 92, 121, 53]], 'Red']]
[[[[89, 8, 163, 58, 51], [110, 517, 50, 68, 2]], 'Red'], [[[119, 54, 34, 412, 121], [236, 164, 74, 80, 30]], 'Blue'], [[[555, 107, 15, 126, 105], [13, 2, 111, 145, 4]], 'Blue'], [[[223, 84, 164, 22, 54], [79, 157, 267, 498, 121]], 'Red']]
[[[[56, 25, 236, 8, 91], [145, 150, 61, 246, 143]], 'Red'], [[[51, 91, 25, 68, 421], [497, 145, 10, 246, 157]], 'Blue'], [[[91, 35, 45, 58, 102], [236, 64, 55, 412, 82]], 'Red'], [[[111, 22, 10, 64, 86], [45, 236, 91, 89, 203]], 'Blue']]
[[[[111, 8, 142, 28, 157], [421, 69, 86, 74, 223]], 'Red'], [[[74, 81, 9, 24, 141], [10, 85, 15, 35, 555]], 'Red'], [[[80, 74, 35, 81, 104], [497, 498, 114, 18, 9]], 'Blue'], [[[74, 555, 81, 240, 121], [1, 80, 497, 498, 24]], 'Red']]
[[[[268, 412, 38, 142, 86], [80, 36, 267, 61, 222]], 'Red'], [[[245, 37, 9, 111, 236], [222, 6, 14, 7, 223]], 'Blue'], [[[3, 91, 63, 57, 76], [164, 39, 50, 61, 7]], 'Blue'], [[[141, 4, 120, 497, 36], [238, 110, 99, 126, 63]], 'Red']]
[[[[127, 203, 267, 498, 126], [5, 111, 85, 119, 74]], 'Red'], [[[421, 84, 163, 75, 120], [420, 41, 90, 127, 76]], 'Blue'], [[[121, 89, 119, 85, 38], [30, 91, 81, 555, 7]], 'Red'], [[[555, 245, 31, 37, 21], [81, 69, 34, 518, 59]], 'Blue']]
[[[[245, 50, 37, 122, 38], [22, 26, 142, 121, 51]], 'Blue'], [[[75, 246, 96, 120, 150], [35, 112, 53, 101, 222]], 'Red'], [[[21, 6, 268, 497, 26], [79, 31, 45, 24, 39]], 'Blue'], [[[53, 121, 236, 240, 82], [3, 76, 497, 60, 498]], 'Blue']]
[[[[13, 18, 497, 39, 59], [412, 134, 51, 2, 85]], 'Blue'], [[[12, 8, 64, 84, 236], [59, 81, 89, 245, 13]], 'Red'], [[[7, 51, 64, 25, 8], [53, 15, 203, 68, 61]], 'Red'], [[[164, 498, 497, 240, 121], [246, 64, 412, 202, 13]], 'Blue']]
[[[[81, 64, 35, 85, 10], [61, 86, 498, 497, 78]], 'Blue'], [[[350, 67, 240, 104, 161], [114, 61, 498, 40, 36]], 'Red'], [[[126, 85, 8, 245, 119], [25, 421, 134, 21, 13]], 'Red'], [[[54, 61, 412, 51, 77], [92, 81, 59, 44, 10]], 'Blue']]
[[[[92, 50, 26, 54, 157], [99, 145, 67, 497, 86]], 'Red'], [[[10, 39, 18, 497, 236], [92, 134, 51, 80, 350]], 'Blue'], [[[25, 202, 64, 92, 236], [498, 111, 115, 105, 92]], 'Red'], [[[120, 133, 103, 127, 555], [103, 39, 120, 145, 80]], 'Red']]
[[[[81, 54, 246, 111, 13], [412, 41, 107, 69, 145]], 'Blue'], [[[236, 30, 267, 54, 245], [45, 33, 91, 41, 111]], 'Blue'], [[[81, 89, 141, 114, 101], [497, 154, 18, 91, 82]], 'Red'], [[[145, 25, 421, 3, 58], [99, 122, 105, 5, 498]], 'Blue']]
[[[[22, 136, 114, 134, 238], [38, 14, 222, 40, 18]], 'Red'], [[[8, 54, 134, 2, 142], [145, 115, 63, 74, 80]], 'Red'], [[[7, 76, 10, 41, 24], [17, 142, 222, 27, 101]], 'Red'], [[[41, 99, 18, 20, 25], [9, 161, 51, 157, 145]], 'Blue']]
[[[[20, 164, 91, 53, 145], [498, 497, 35, 18, 10]], 'Red'], [[[61, 10, 145, 20, 53], [8, 412, 51, 141, 122]], 'Blue'], [[[103, 121, 24, 555, 145], [497, 164, 76, 81, 39]], 'Red'], [[[76, 75, 555, 222, 7], [412, 51, 13, 64, 136]], 'Red']]
[[[[145, 64, 13, 99, 80], [17, 41, 4, 25, 21]], 'Red'], [[[113, 142, 15, 110, 38], [64, 98, 25, 136, 112]], 'Blue'], [[[163, 161, 517, 429, 80], [82, 86, 112, 29, 126]], 'Red'], [[[56, 111, 143, 22, 60], [74, 25, 427, 236, 98]], 'Blue']]
[[[[145, 64, 13, 99, 80], [17, 41, 4, 25, 21]], 'Red'], [[[77, 12, 31, 420, 18], [56, 29, 41, 267, 236]], 'Blue'], [[[91, 41, 53, 76, 202], [39, 72, 145, 412, 68]], 'Blue'], [[[99, 64, 555, 164, 81], [4, 37, 44, 41, 60]], 'Blue']]
[[[[45, 79, 6, 145, 50], [3, 9, 60, 498, 86]], 'Red'], [[[350, 36, 112, 22, 59], [267, 236, 64, 39, 82]], 'Red'], [[[39, 7, 20, 25, 51], [246, 22, 245, 43, 10]], 'Red'], [[[54, 45, 37, 59, 21], [246, 81, 36, 267, 35]], 'Red']]
[[[[9, 58, 110, 63, 19], [22, 75, 131, 201, 28]], 'Blue'], [[[86, 25, 40, 21, 62], [498, 36, 21, 85, 99]], 'Red'], [[[84, 412, 22, 80, 121], [427, 18, 86, 9, 134]], 'Red'], [[[24, 120, 238, 555, 67], [236, 21, 31, 107, 518]], 'Red']]
[[[[103, 163, 145, 25, 24], [51, 141, 16, 34, 83]], 'Red'], [[[68, 89, 18, 59, 131], [64, 157, 12, 13, 236]], 'Red'], [[[30, 103, 412, 164, 236], [81, 121, 68, 555, 57]], 'Blue'], [[[24, 25, 222, 23, 103], [13, 236, 246, 30, 111]], 'Red']]
[[[[121, 143, 92, 81, 61], [17, 497, 134, 498, 2]], 'Blue'], [[[5, 112, 31, 145, 143], [114, 245, 15, 127, 412]], 'Blue'], [[[7, 143, 236, 58, 121], [157, 81, 245, 89, 84]], 'Blue'], [[[12, 157, 121, 8, 78], [13, 28, 143, 86, 114]], 'Blue']]
[[[[51, 53, 86, 74, 163], [240, 35, 21, 12, 4]], 'Red'], [[[24, 141, 13, 89, 145], [74, 35, 164, 497, 498]], 'Blue'], [[[161, 67, 35, 412, 122], [157, 36, 555, 134, 76]], 'Blue'], [[[145, 39, 142, 35, 497], [80, 498, 54, 141, 40]], 'Red']]
[[[[85, 114, 81, 121, 89], [45, 83, 59, 99, 51]], 'Blue'], [[[142, 9, 59, 240, 22], [497, 145, 133, 54, 79]], 'Blue'], [[[22, 75, 20, 201, 142], [236, 10, 497, 30, 14]], 'Red'], [[[121, 30, 57, 157, 145], [429, 412, 246, 122, 61]], 'Blue']]
[[[[26, 154, 58, 101, 161], [25, 11, 202, 110, 412]], 'Red'], [[[53, 420, 136, 103, 126], [40, 92, 36, 127, 119]], 'Red'], [[[76, 79, 84, 240, 157], [64, 55, 202, 555, 31]], 'Blue'], [[[92, 55, 18, 111, 104], [145, 68, 85, 24, 25]], 'Blue']]
[[[[20, 112, 145, 53, 91], [13, 134, 203, 35, 23]], 'Red'], [[[112, 145, 20, 38, 39], [9, 64, 55, 58, 236]], 'Blue'], [[[114, 12, 498, 421, 10], [555, 236, 20, 80, 3]], 'Blue'], [[[111, 157, 23, 61, 60], [145, 104, 68, 518, 53]], 'Blue']]
[[[[20, 112, 145, 53, 91], [13, 134, 203, 35, 23]], 'Red'], [[[12, 61, 145, 245, 39], [498, 40, 38, 8, 104]], 'Red'], [[[157, 64, 81, 101, 115], [10, 203, 25, 236, 164]], 'Blue'], [[[22, 64, 238, 99, 518], [42, 203, 25, 110, 246]], 'Red']]
[[[[99, 45, 412, 517, 74], [516, 42, 350, 105, 222]], 'Red'], [[[53, 145, 246, 98, 245], [76, 142, 15, 89, 240]], 'Red'], [[[157, 81, 85, 245, 497], [8, 30, 498, 412, 58]], 'Blue'], [[[84, 36, 55, 111, 145], [18, 64, 164, 498, 497]], 'Blue']]
[[[[498, 164, 35, 31, 412], [266, 145, 82, 104, 497]], 'Blue'], [[[91, 236, 89, 10, 36], [238, 64, 497, 517, 134]], 'Red'], [[[32, 164, 21, 31, 9], [7, 51, 26, 64, 420]], 'Blue'], [[[412, 133, 22, 20, 74], [245, 53, 86, 85, 236]], 'Blue']]
[[[[134, 246, 223, 80, 145], [497, 54, 236, 44, 11]], 'Red'], [[[25, 85, 81, 11, 44], [246, 24, 143, 60, 18]], 'Red'], [[[112, 11, 44, 30, 25], [64, 145, 26, 85, 246]], 'Blue'], [[[240, 44, 24, 81, 111], [84, 427, 53, 36, 145]], 'Blue']]
[[[[201, 84, 10, 121, 145], [51, 8, 157, 64, 9]], 'Blue'], [[[432, 39, 121, 10, 81], [64, 111, 240, 236, 8]], 'Red'], [[[3, 24, 145, 57, 59], [67, 13, 2, 25, 421]], 'Red'], [[[76, 91, 81, 350, 36], [412, 72, 145, 69, 43]], 'Red']]
[[[[8, 5, 18, 114, 53], [497, 79, 498, 157, 82]], 'Red'], [[[7, 8, 267, 119, 121], [117, 163, 39, 74, 145]], 'Blue'], [[[12, 157, 121, 8, 78], [13, 28, 143, 86, 114]], 'Blue'], [[[64, 86, 157, 74, 99], [35, 246, 145, 92, 13]], 'Blue']]
[[[[517, 145, 64, 44, 41], [10, 119, 17, 18, 555]], 'Blue'], [[[107, 54, 161, 35, 15], [145, 121, 24, 412, 90]], 'Red'], [[[432, 122, 107, 105, 69], [412, 64, 3, 86, 80]], 'Blue'], [[[223, 86, 74, 121, 22], [51, 412, 114, 107, 90]], 'Blue']]
[[[[99, 82, 22, 59, 7], [55, 53, 58, 236, 245]], 'Red'], [[[84, 111, 22, 60, 58], [134, 10, 121, 222, 143]], 'Blue'], [[[29, 112, 82, 76, 89], [497, 54, 45, 246, 51]], 'Red'], [[[412, 22, 84, 10, 427], [79, 114, 15, 517, 350]], 'Blue']]
[[[[240, 134, 421, 555, 157], [105, 121, 45, 133, 350]], 'Red'], [[[163, 42, 236, 164, 89], [555, 81, 24, 10, 30]], 'Red'], [[[51, 113, 111, 39, 74], [86, 555, 45, 28, 498]], 'Red'], [[[53, 106, 245, 4, 15], [25, 85, 86, 51, 121]], 'Blue']]
[[[[107, 54, 161, 35, 15], [145, 121, 24, 412, 90]], 'Red'], [[[58, 28, 498, 84, 350], [111, 90, 246, 104, 145]], 'Red'], [[[119, 99, 16, 114, 96], [201, 145, 127, 246, 81]], 'Blue'], [[[42, 268, 432, 7, 120], [53, 74, 111, 112, 157]], 'Red']]
[[[[141, 86, 412, 157, 51], [28, 34, 22, 16, 39]], 'Blue'], [[[35, 30, 18, 48, 3], [122, 497, 81, 164, 154]], 'Blue'], [[[45, 79, 6, 145, 50], [3, 9, 60, 498, 86]], 'Red'], [[[32, 245, 202, 203, 13], [107, 38, 110, 68, 498]], 'Blue']]
[[[[76, 4, 75, 267, 119], [51, 245, 350, 92, 39]], 'Blue'], [[[497, 42, 20, 164, 498], [79, 35, 8, 119, 161]], 'Red'], [[[134, 80, 119, 30, 111], [161, 82, 81, 53, 421]], 'Blue'], [[[35, 119, 40, 41, 80], [412, 85, 145, 157, 79]], 'Red']]
[[[[164, 142, 497, 60, 498], [80, 24, 35, 45, 5]], 'Red'], [[[350, 90, 163, 145, 122], [98, 245, 101, 412, 236]], 'Red'], [[[25, 498, 104, 240, 62], [81, 201, 266, 121, 236]], 'Blue'], [[[90, 82, 412, 498, 141], [24, 145, 201, 45, 121]], 'Blue']]
[[[[111, 8, 142, 28, 157], [421, 69, 86, 74, 223]], 'Red'], [[[80, 61, 60, 86, 106], [164, 67, 267, 30, 145]], 'Blue'], [[[28, 145, 245, 114, 143], [111, 236, 105, 30, 86]], 'Red'], [[[30, 86, 497, 39, 81], [555, 92, 127, 121, 51]], 'Blue']]
[[[[133, 420, 516, 24, 236], [517, 55, 80, 163, 61]], 'Blue'], [[[421, 61, 432, 50, 122], [57, 13, 245, 145, 53]], 'Blue'], [[[432, 57, 3, 119, 121], [25, 82, 51, 64, 55]], 'Blue'], [[[105, 236, 145, 76, 12], [238, 412, 22, 41, 28]], 'Blue']]
[[[[350, 136, 127, 240, 2], [68, 59, 498, 35, 92]], 'Blue'], [[[163, 103, 236, 77, 80], [98, 48, 555, 81, 84]], 'Blue'], [[[17, 103, 67, 72, 10], [13, 498, 12, 36, 238]], 'Blue'], [[[17, 103, 119, 10, 56], [164, 89, 99, 35, 22]], 'Blue']]
[[[[164, 142, 497, 60, 498], [80, 24, 35, 45, 5]], 'Red'], [[[119, 53, 121, 8, 164], [80, 236, 35, 76, 45]], 'Red'], [[[2, 164, 55, 111, 22], [74, 121, 85, 53, 236]], 'Blue'], [[[24, 238, 20, 497, 145], [74, 81, 39, 350, 121]], 'Blue']]
[[[[57, 56, 3, 145, 25], [67, 54, 517, 96, 117]], 'Blue'], [[[55, 114, 64, 111, 22], [21, 54, 39, 68, 161]], 'Blue'], [[[145, 54, 39, 31, 432], [56, 126, 22, 498, 4]], 'Red'], [[[99, 81, 84, 20, 13], [157, 50, 22, 54, 39]], 'Red']]
[[[[39, 13, 141, 412, 29], [10, 54, 142, 51, 25]], 'Red'], [[[29, 13, 44, 85, 141], [31, 86, 59, 555, 81]], 'Blue'], [[[20, 29, 31, 13, 12], [74, 498, 412, 114, 60]], 'Blue'], [[[36, 164, 143, 31, 497], [29, 98, 245, 3, 78]], 'Blue']]
[[[[22, 201, 107, 61, 54], [80, 103, 40, 18, 98]], 'Red'], [[[412, 157, 164, 236, 15], [99, 498, 76, 238, 54]], 'Red'], [[[110, 28, 89, 43, 4], [412, 69, 164, 76, 15]], 'Red'], [[[64, 99, 202, 516, 12], [14, 238, 25, 222, 76]], 'Red']]
[[[[74, 81, 9, 24, 141], [10, 85, 15, 35, 555]], 'Red'], [[[22, 54, 23, 114, 34], [517, 84, 99, 145, 64]], 'Blue'], [[[157, 76, 119, 25, 122], [202, 41, 350, 28, 145]], 'Blue'], [[[111, 119, 85, 1, 64], [157, 89, 10, 163, 245]], 'Blue']]
[[[[53, 8, 202, 80, 163], [84, 111, 134, 421, 119]], 'Blue'], [[[350, 136, 105, 2, 107], [119, 84, 245, 35, 104]], 'Blue'], [[[127, 35, 4, 44, 145], [81, 64, 497, 10, 92]], 'Blue'], [[[81, 64, 35, 85, 10], [61, 86, 498, 497, 78]], 'Blue']]
[[[[4, 412, 498, 80, 30], [421, 61, 145, 497, 114]], 'Blue'], [[[83, 111, 245, 67, 90], [45, 64, 53, 99, 80]], 'Blue'], [[[127, 164, 236, 76, 35], [429, 25, 266, 54, 121]], 'Red'], [[[91, 41, 53, 76, 202], [39, 72, 145, 412, 68]], 'Blue']]
[[[[78, 12, 22, 106, 136], [39, 497, 67, 13, 121]], 'Blue'], [[[145, 80, 60, 412, 420], [69, 13, 555, 245, 6]], 'Red'], [[[80, 18, 30, 78, 161], [236, 127, 412, 163, 92]], 'Blue'], [[[27, 117, 245, 127, 15], [51, 7, 203, 83, 518]], 'Blue']]
[[[[497, 121, 57, 127, 145], [13, 498, 26, 24, 76]], 'Red'], [[[157, 498, 497, 28, 67], [64, 51, 84, 37, 98]], 'Red'], [[[35, 131, 432, 164, 203], [112, 266, 92, 202, 54]], 'Blue'], [[[92, 555, 60, 74, 69], [240, 134, 427, 39, 101]], 'Red']]
[[[[111, 54, 84, 145, 164], [134, 10, 236, 412, 107]], 'Red'], [[[10, 26, 203, 80, 136], [22, 64, 23, 25, 8]], 'Blue'], [[[85, 10, 64, 25, 51], [498, 497, 56, 3, 13]], 'Red'], [[[41, 245, 498, 111, 10], [110, 266, 64, 143, 236]], 'Red']]
[[[[236, 77, 164, 518, 82], [22, 44, 80, 4, 35]], 'Red'], [[[202, 13, 164, 518, 5], [64, 54, 142, 80, 555]], 'Blue'], [[[119, 58, 134, 518, 80], [75, 145, 60, 412, 142]], 'Blue'], [[[19, 2, 18, 134, 25], [21, 83, 164, 518, 154]], 'Red']]
[[[[45, 20, 25, 157, 86], [30, 96, 412, 8, 64]], 'Blue'], [[[81, 54, 246, 111, 13], [412, 41, 107, 69, 145]], 'Blue'], [[[131, 498, 412, 240, 64], [76, 122, 18, 555, 51]], 'Blue'], [[[107, 54, 161, 35, 15], [145, 121, 24, 412, 90]], 'Red']]
[[[[142, 30, 236, 555, 58], [4, 76, 350, 81, 86]], 'Red'], [[[498, 4, 86, 64, 53], [266, 127, 89, 145, 121]], 'Blue'], [[[98, 121, 412, 74, 498], [142, 56, 89, 240, 45]], 'Blue'], [[[17, 26, 202, 30, 240], [74, 498, 121, 85, 497]], 'Red']]
[[[[3, 15, 54, 40, 80], [60, 82, 91, 22, 117]], 'Red'], [[[64, 63, 105, 74, 236], [36, 28, 81, 134, 40]], 'Blue'], [[[13, 555, 202, 245, 164], [497, 145, 18, 203, 3]], 'Red'], [[[20, 112, 145, 53, 91], [13, 134, 203, 35, 23]], 'Red']]
[[[[114, 429, 350, 20, 157], [28, 10, 18, 102, 145]], 'Red'], [[[31, 86, 2, 59, 9], [34, 35, 157, 92, 22]], 'Blue'], [[[112, 245, 119, 12, 24], [64, 110, 80, 157, 53]], 'Red'], [[[12, 145, 92, 104, 41], [69, 238, 157, 17, 254]], 'Red']]
[[[[164, 245, 80, 202, 412], [17, 518, 121, 114, 61]], 'Red'], [[[4, 412, 498, 80, 30], [421, 61, 145, 497, 114]], 'Blue'], [[[412, 80, 240, 8, 22], [76, 497, 21, 164, 13]], 'Red'], [[[163, 516, 412, 39, 145], [157, 81, 35, 421, 3]], 'Red']]
[[[[61, 51, 98, 350, 10], [157, 80, 498, 76, 45]], 'Red'], [[[161, 55, 60, 23, 17], [201, 96, 67, 50, 254]], 'Red'], [[[84, 64, 202, 55, 22], [86, 350, 90, 79, 110]], 'Blue'], [[[74, 114, 101, 163, 55], [61, 122, 50, 51, 72]], 'Red']]
[[[[22, 161, 54, 74, 133], [5, 99, 110, 34, 8]], 'Red'], [[[15, 21, 59, 81, 62], [420, 143, 50, 203, 115]], 'Red'], [[[11, 58, 72, 110, 268], [163, 13, 8, 117, 41]], 'Red'], [[[245, 75, 22, 11, 223], [107, 99, 51, 2, 127]], 'Red']]
[[[[240, 134, 421, 555, 157], [105, 121, 45, 133, 350]], 'Red'], [[[68, 85, 412, 107, 236], [43, 59, 115, 80, 41]], 'Blue'], [[[80, 201, 110, 238, 30], [133, 2, 555, 101, 22]], 'Red'], [[[246, 64, 145, 89, 68], [142, 119, 111, 421, 74]], 'Blue']]
[[[[64, 142, 24, 236, 111], [89, 86, 69, 18, 60]], 'Red'], [[[238, 69, 99, 9, 106], [81, 134, 17, 24, 350]], 'Blue'], [[[51, 53, 86, 74, 163], [240, 35, 21, 12, 4]], 'Red'], [[[421, 53, 31, 157, 38], [111, 103, 68, 119, 121]], 'Blue']]
[[[[121, 92, 245, 498, 25], [134, 18, 8, 64, 26]], 'Red'], [[[22, 85, 16, 202, 19], [68, 164, 55, 36, 110]], 'Blue'], [[[22, 31, 16, 517, 120], [68, 13, 99, 86, 202]], 'Blue'], [[[26, 104, 98, 101, 126], [53, 119, 51, 35, 350]], 'Blue']]
[[[[45, 427, 238, 122, 236], [101, 77, 106, 145, 103]], 'Blue'], [[[429, 61, 412, 517, 35], [45, 427, 133, 103, 266]], 'Red'], [[[154, 236, 134, 31, 61], [4, 202, 164, 72, 121]], 'Blue'], [[[61, 85, 64, 555, 50], [36, 126, 83, 53, 37]], 'Red']]
[[[[59, 8, 202, 25, 45], [18, 89, 61, 64, 126]], 'Red'], [[[57, 236, 497, 7, 245], [498, 89, 68, 104, 3]], 'Red'], [[[412, 36, 13, 157, 10], [8, 14, 2, 51, 25]], 'Red'], [[[134, 39, 82, 555, 79], [84, 81, 89, 122, 245]], 'Red']]
[[[[50, 32, 22, 246, 350], [92, 236, 102, 82, 69]], 'Red'], [[[203, 266, 498, 350, 150], [30, 84, 53, 157, 81]], 'Blue'], [[[58, 51, 245, 412, 60], [154, 25, 24, 3, 134]], 'Blue'], [[[498, 40, 41, 91, 30], [141, 90, 2, 145, 555]], 'Red']]
[[[[76, 498, 8, 164, 412], [54, 51, 142, 122, 267]], 'Blue'], [[[59, 145, 25, 122, 7], [350, 69, 1, 2, 92]], 'Red'], [[[432, 145, 64, 27, 80], [99, 60, 240, 498, 142]], 'Red'], [[[412, 22, 126, 30, 3], [80, 142, 555, 498, 86]], 'Red']]
[[[[98, 121, 412, 74, 498], [142, 56, 89, 240, 45]], 'Blue'], [[[497, 67, 121, 80, 4], [157, 240, 60, 79, 61]], 'Blue'], [[[10, 111, 145, 421, 127], [8, 240, 89, 67, 245]], 'Blue'], [[[41, 268, 120, 92, 43], [555, 25, 350, 133, 57]], 'Blue']]
[[[[20, 39, 13, 80, 81], [82, 37, 141, 35, 236]], 'Blue'], [[[114, 412, 202, 103, 35], [92, 555, 268, 37, 81]], 'Red'], [[[7, 143, 236, 58, 121], [157, 81, 245, 89, 84]], 'Blue'], [[[3, 86, 245], [10, 2, 350]], 'Blue']]
[[[[412, 122, 246, 79, 498], [61, 85, 497, 121, 38]], 'Blue'], [[[21, 31, 99, 28, 350], [64, 17, 236, 25, 142]], 'Blue'], [[[81, 114, 245, 412, 64], [145, 555, 2, 3, 84]], 'Blue'], [[[82, 48, 498, 203, 266], [2, 61, 90, 412, 145]], 'Red']]
[[[[246, 59, 38, 35, 69], [412, 81, 2, 91, 39]], 'Blue'], [[[110, 111, 245, 134, 85], [13, 223, 80, 81, 141]], 'Red'], [[[412, 127, 133, 64, 15], [145, 121, 81, 83, 53]], 'Blue'], [[[58, 28, 498, 84, 350], [111, 90, 246, 104, 145]], 'Red']]
[[[[64, 222, 68, 89, 80], [517, 236, 203, 84, 40]], 'Blue'], [[[44, 119, 122, 92, 134], [350, 10, 8, 51, 121]], 'Red'], [[[60, 497, 18, 13, 14], [10, 8, 81, 48, 555]], 'Red'], [[[64, 80, 10, 145, 16], [245, 75, 41, 497, 498]], 'Red']]
[[[[53, 145, 134, 121, 41], [45, 245, 104, 92, 555]], 'Blue'], [[[7, 143, 236, 58, 121], [157, 81, 245, 89, 84]], 'Blue'], [[[80, 245, 22, 412, 45], [64, 133, 21, 53, 134]], 'Blue'], [[[99, 134, 79, 39, 122], [25, 104, 105, 157, 92]], 'Red']]
[[[[497, 498, 79, 245, 104], [10, 89, 145, 60, 240]], 'Red'], [[[13, 18, 497, 39, 59], [412, 134, 51, 2, 85]], 'Blue'], [[[22, 74, 64, 412, 84], [53, 18, 104, 13, 127]], 'Blue'], [[[163, 81, 10, 497, 64], [145, 203, 74, 53, 245]], 'Red']]
[[[[163, 42, 236, 164, 89], [555, 81, 24, 10, 30]], 'Red'], [[[53, 126, 134, 30, 114], [201, 18, 80, 60, 23]], 'Red'], [[[76, 420, 555, 81, 54], [126, 141, 43, 517, 40]], 'Red'], [[[9, 81, 122, 142, 102], [43, 99, 21, 7, 143]], 'Red']]
[[[[24, 555, 131, 81, 30], [157, 113, 44, 11, 10]], 'Blue'], [[[36, 74, 39, 498, 53], [114, 427, 42, 145, 497]], 'Red'], [[[141, 34, 131, 412, 145], [13, 20, 114, 25, 51]], 'Red'], [[[36, 22, 39, 8, 412], [18, 350, 10, 141, 266]], 'Blue']]
[[[[223, 86, 74, 121, 22], [51, 412, 114, 107, 90]], 'Blue'], [[[164, 37, 30, 518, 266], [103, 154, 50, 127, 61]], 'Blue'], [[[53, 238, 10, 236, 79], [117, 60, 22, 75, 61]], 'Red'], [[[245, 18, 89, 26, 98], [92, 412, 145, 13, 421]], 'Blue']]
[[[[64, 111, 134, 119, 82], [81, 74, 516, 555, 28]], 'Blue'], [[[432, 39, 121, 10, 81], [64, 111, 240, 236, 8]], 'Red'], [[[134, 75, 40, 107, 268], [350, 41, 64, 18, 13]], 'Blue'], [[[51, 50, 497, 104, 16], [91, 80, 28, 89, 74]], 'Red']]
[[[[17, 26, 202, 30, 240], [74, 498, 121, 85, 497]], 'Red'], [[[21, 245, 17, 350, 81], [43, 64, 53, 163, 236]], 'Red'], [[[157, 2, 12, 17, 81], [497, 203, 13, 84, 498]], 'Red'], [[[131, 69, 222, 121, 412], [201, 3, 96, 104, 17]], 'Red']]
[[[[497, 22, 60, 103, 86], [142, 498, 35, 82, 44]], 'Red'], [[[40, 157, 145, 421, 8], [131, 41, 35, 497, 202]], 'Blue'], [[[53, 145, 4, 245, 164], [10, 246, 497, 22, 8]], 'Blue'], [[[34, 29, 555, 246, 2], [64, 245, 4, 16, 18]], 'Blue']]
[[[[53, 8, 202, 80, 163], [84, 111, 134, 421, 119]], 'Blue'], [[[421, 61, 432, 50, 122], [57, 13, 245, 145, 53]], 'Blue'], [[[58, 28, 498, 84, 350], [111, 90, 246, 104, 145]], 'Red'], [[[2, 164, 55, 111, 22], [74, 121, 85, 53, 236]], 'Blue']]
[[[[517, 145, 64, 44, 41], [10, 119, 17, 18, 555]], 'Blue'], [[[412, 80, 240, 8, 22], [76, 497, 21, 164, 13]], 'Red'], [[[53, 8, 202, 80, 163], [84, 111, 134, 421, 119]], 'Blue'], [[[141, 25, 80, 7, 51], [203, 240, 16, 222, 245]], 'Blue']]
[[[[412, 80, 240, 8, 22], [76, 497, 21, 164, 13]], 'Red'], [[[35, 80, 22, 5, 105], [101, 40, 10, 203, 114]], 'Blue'], [[[80, 236, 143, 60, 69], [81, 58, 203, 35, 105]], 'Red'], [[[555, 134, 68, 80, 59], [53, 84, 245, 51, 104]], 'Red']]
[[[[133, 41, 24, 222, 142], [79, 59, 18, 63, 64]], 'Blue'], [[[240, 21, 111, 163, 10], [164, 64, 99, 84, 51]], 'Blue'], [[[42, 157, 8, 80, 2], [98, 421, 145, 111, 134]], 'Red'], [[[350, 41, 86, 74, 48], [9, 121, 150, 517, 67]], 'Red']]
[[[[24, 555, 131, 81, 30], [157, 113, 44, 11, 10]], 'Blue'], [[[201, 240, 30, 61, 81], [497, 145, 126, 164, 245]], 'Red'], [[[121, 497, 80, 498, 84], [145, 122, 157, 201, 20]], 'Red'], [[[516, 12, 18, 164, 134], [245, 114, 89, 35, 51]], 'Blue']]
[[[[79, 157, 39, 134, 89], [53, 80, 202, 60, 84]], 'Blue'], [[[24, 412, 1, 236, 59], [53, 28, 61, 39, 145]], 'Red'], [[[51, 412, 245, 10, 18], [236, 134, 77, 25, 238]], 'Red'], [[[412, 64, 80, 1, 145], [266, 55, 497, 421, 498]], 'Blue']]
[[[[24, 145, 267, 90, 106], [80, 201, 10, 498, 518]], 'Blue'], [[[10, 111, 145, 4, 30], [7, 157, 412, 92, 421]], 'Blue'], [[[83, 111, 245, 67, 90], [45, 64, 53, 99, 80]], 'Blue'], [[[112, 420, 429, 150, 145], [40, 17, 3, 16, 498]], 'Red']]
[[[[497, 498, 79, 245, 104], [10, 89, 145, 60, 240]], 'Red'], [[[145, 64, 13, 99, 80], [17, 41, 4, 25, 21]], 'Red'], [[[517, 145, 64, 44, 41], [10, 119, 17, 18, 555]], 'Blue'], [[[18, 412, 23, 45, 121], [85, 44, 13, 145, 64]], 'Red']]
[[[[17, 32, 64, 58, 99], [30, 29, 59, 50, 76]], 'Blue'], [[[2, 69, 267, 141, 119], [84, 51, 13, 99, 427]], 'Red'], [[[13, 103, 101, 131, 29], [266, 122, 8, 429, 59]], 'Red'], [[[141, 59, 2, 267, 10], [53, 429, 104, 51, 74]], 'Red']]
[[[[37, 22, 245, 246, 92], [23, 61, 222, 64, 53]], 'Red'], [[[110, 120, 350, 112, 122], [84, 245, 429, 39, 43]], 'Red'], [[[64, 133, 10, 412, 3], [245, 122, 103, 4, 9]], 'Red'], [[[412, 32, 7, 22, 41], [62, 518, 24, 53, 51]], 'Red']]
[[[[51, 39, 64, 53, 126], [412, 164, 222, 245, 246]], 'Blue'], [[[21, 25, 10, 157, 79], [238, 98, 63, 76, 67]], 'Blue'], [[[432, 121, 41, 22, 134], [53, 4, 83, 145, 5]], 'Blue'], [[[421, 61, 432, 50, 122], [57, 13, 245, 145, 53]], 'Blue']]
[[[[420, 498, 4, 412, 266], [3, 68, 60, 121, 57]], 'Blue'], [[[20, 67, 84, 80, 268], [420, 245, 81, 246, 127]], 'Blue'], [[[222, 25, 246, 104, 80], [11, 126, 99, 68, 37]], 'Red'], [[[18, 427, 39, 267, 518], [81, 143, 48, 50, 51]], 'Red']]
[[[[22, 54, 39, 84, 89], [498, 82, 238, 497, 79]], 'Red'], [[[32, 121, 202, 134, 86], [236, 1, 68, 53, 427]], 'Blue'], [[[161, 114, 6, 85, 22], [8, 517, 223, 202, 84]], 'Red'], [[[51, 59, 55, 143, 429], [133, 157, 9, 3, 17]], 'Blue']]
[[[[498, 79, 13, 53, 157], [64, 8, 74, 25, 145]], 'Blue'], [[[2, 164, 55, 111, 22], [74, 121, 85, 53, 236]], 'Blue'], [[[55, 121, 223, 164, 110], [497, 112, 64, 122, 145]], 'Blue'], [[[5, 114, 142, 497, 498], [164, 134, 4, 421, 412]], 'Blue']]
[[[[12, 222, 86, 60, 80], [105, 62, 25, 104, 99]], 'Red'], [[[161, 121, 82, 74, 236], [80, 30, 202, 127, 412]], 'Red'], [[[39, 81, 55, 555, 64], [24, 134, 99, 80, 79]], 'Red'], [[[59, 18, 84, 40, 13], [29, 24, 79, 13, 59]], 'Blue']]
[[[[44, 72, 80, 45, 516], [99, 498, 86, 163, 141]], 'Blue'], [[[81, 80, 40, 121, 10], [82, 114, 79, 498, 497]], 'Blue'], [[[80, 25, 18, 60, 51], [111, 2, 145, 45, 114]], 'Red'], [[[134, 114, 145, 30, 53], [497, 163, 246, 98, 498]], 'Blue']]
[[[[51, 267, 245, 120, 101], [350, 56, 518, 126, 92]], 'Red'], [[[39, 107, 245, 12, 51], [350, 99, 13, 120, 92]], 'Red'], [[[79, 143, 21, 39, 111], [64, 238, 350, 134, 92]], 'Red'], [[[267, 114, 518, 51, 121], [16, 81, 517, 80, 102]], 'Red']]
[[[[84, 141, 412, 107, 236], [24, 10, 157, 12, 154]], 'Red'], [[[134, 84, 141, 555, 82], [111, 157, 59, 68, 10]], 'Red'], [[[39, 245, 80, 134, 55], [555, 61, 126, 86, 107]], 'Blue'], [[[86, 79, 119, 412, 157], [56, 10, 80, 40, 145]], 'Red']]
[[[[3, 15, 54, 40, 80], [60, 82, 91, 22, 117]], 'Red'], [[[74, 81, 9, 24, 141], [10, 85, 15, 35, 555]], 'Red'], [[[13, 121, 39, 157, 412], [119, 8, 56, 25, 9]], 'Red'], [[[61, 53, 81, 154, 114], [69, 121, 111, 119, 266]], 'Blue']]
[[[[202, 145, 141, 54, 11], [78, 27, 498, 41, 7]], 'Blue'], [[[36, 112, 223, 126, 69], [421, 497, 498, 238, 17]], 'Blue'], [[[127, 105, 163, 74, 92], [43, 62, 45, 29, 17]], 'Red'], [[[127, 412, 63, 202, 106], [236, 518, 134, 25, 13]], 'Blue']]
[[[[74, 555, 81, 240, 121], [1, 80, 497, 498, 24]], 'Red'], [[[40, 157, 145, 421, 8], [131, 41, 35, 497, 202]], 'Blue'], [[[163, 42, 236, 164, 89], [555, 81, 24, 10, 30]], 'Red'], [[[497, 121, 57, 127, 145], [13, 498, 26, 24, 76]], 'Red']]
[[[[127, 35, 4, 44, 145], [81, 64, 497, 10, 92]], 'Blue'], [[[111, 86, 119, 245, 246], [35, 10, 421, 164, 115]], 'Red'], [[[53, 145, 134, 121, 41], [45, 245, 104, 92, 555]], 'Blue'], [[[51, 64, 25, 236, 84], [54, 22, 157, 245, 143]], 'Blue']]
[[[[154, 112, 56, 81, 99], [1, 238, 4, 150, 61]], 'Blue'], [[[83, 19, 69, 51, 63], [86, 111, 18, 84, 4]], 'Red'], [[[10, 81, 412, 36, 64], [236, 497, 268, 79, 58]], 'Red'], [[[157, 203, 81, 69, 43], [145, 80, 497, 104, 246]], 'Red']]
[[[[67, 64, 157, 82, 350], [145, 28, 53, 86, 91]], 'Blue'], [[[81, 54, 246, 111, 13], [412, 41, 107, 69, 145]], 'Blue'], [[[131, 498, 412, 240, 64], [76, 122, 18, 555, 51]], 'Blue'], [[[10, 59, 85, 22, 161], [246, 28, 240, 25, 51]], 'Red']]
[[[[142, 30, 236, 555, 58], [4, 76, 350, 81, 86]], 'Red'], [[[80, 74, 35, 81, 104], [497, 498, 114, 18, 9]], 'Blue'], [[[35, 236, 112, 54, 53], [10, 240, 86, 96, 9]], 'Blue'], [[[10, 64, 105, 86, 53], [85, 119, 89, 157, 35]], 'Blue']]
[[[[421, 61, 432, 50, 122], [57, 13, 245, 145, 53]], 'Blue'], [[[432, 57, 3, 119, 121], [25, 82, 51, 64, 55]], 'Blue'], [[[516, 498, 30, 4, 18], [99, 236, 350, 64, 114]], 'Blue'], [[[516, 222, 36, 59, 4], [8, 50, 412, 203, 246]], 'Red']]
[[[[25, 90, 24, 145, 126], [67, 74, 59, 53, 8]], 'Red'], [[[126, 412, 8, 60, 145], [51, 1, 39, 497, 2]], 'Blue'], [[[131, 21, 2, 43, 497], [80, 555, 245, 145, 60]], 'Blue'], [[[104, 91, 41, 45, 518], [497, 498, 36, 38, 86]], 'Blue']]
[[[[105, 254, 164, 432, 429], [81, 145, 39, 72, 50]], 'Blue'], [[[57, 157, 67], [240, 82, 164]], 'Red'], [[[350, 145, 50, 76, 39], [80, 51, 10, 555, 7]], 'Red'], [[[113, 429, 58, 81, 84], [267, 89, 103, 104, 120]], 'Red']]
[[[[74, 43, 80, 59, 58], [134, 92, 245, 498, 161]], 'Blue'], [[[143, 420, 114, 119, 64], [80, 421, 497, 84, 145]], 'Blue'], [[[238, 82, 35, 157, 121], [86, 497, 498, 76, 58]], 'Blue'], [[[202, 28, 43, 266, 13], [14, 30, 15, 26, 74]], 'Blue']]
[[[[10, 59, 85, 22, 161], [246, 28, 240, 25, 51]], 'Red'], [[[134, 246, 223, 80, 145], [497, 54, 236, 44, 11]], 'Red'], [[[76, 79, 84, 240, 157], [64, 55, 202, 555, 31]], 'Blue'], [[[98, 141, 35, 236, 34], [25, 38, 240, 145, 245]], 'Red']]
[[[[86, 240, 350, 136, 121], [105, 498, 59, 35, 92]], 'Red'], [[[5, 112, 31, 145, 143], [114, 245, 15, 127, 412]], 'Blue'], [[[4, 121, 51, 8, 111], [59, 80, 13, 145, 25]], 'Blue'], [[[81, 64, 412, 38, 134], [86, 142, 22, 45, 2]], 'Blue']]
[[[[350, 497, 126, 17, 60], [427, 107, 74, 15, 67]], 'Blue'], [[[27, 35, 13, 157, 222], [236, 131, 31, 53, 85]], 'Blue'], [[[67, 86, 17, 96, 7], [80, 202, 101, 498, 245]], 'Blue'], [[[134, 117, 236, 41, 13], [126, 122, 90, 133, 69]], 'Red']]
[[[[203, 13, 498, 89, 18], [236, 54, 55, 35, 497]], 'Red'], [[[498, 555, 134, 245, 41], [236, 412, 23, 59, 90]], 'Red'], [[[201, 22, 18, 106, 36], [30, 236, 350, 81, 161]], 'Red'], [[[164, 117, 99, 245, 157], [117, 267, 43, 51, 427]], 'Red']]
[[[[13, 121, 39, 157, 412], [119, 8, 56, 25, 9]], 'Red'], [[[350, 136, 105, 2, 107], [119, 84, 245, 35, 104]], 'Blue'], [[[67, 105, 2, 36, 412], [3, 59, 145, 18, 114]], 'Red'], [[[245, 75, 22, 11, 223], [107, 99, 51, 2, 127]], 'Red']]
[[[[35, 267, 99, 120, 39], [82, 53, 222, 157, 245]], 'Red'], [[[30, 350, 13, 84, 22], [267, 67, 79, 10, 78]], 'Red'], [[[35, 350, 1, 84, 22], [39, 3, 145, 121, 12]], 'Blue'], [[[10, 412, 238, 35, 236], [4, 89, 80, 68, 22]], 'Blue']]
[[[[39, 34, 96, 64, 40], [35, 246, 53, 498, 268]], 'Blue'], [[[121, 81, 9, 39, 75], [23, 4, 45, 202, 35]], 'Red'], [[[64, 55, 111, 80, 145], [202, 10, 412, 164, 59]], 'Blue'], [[[33, 236, 266, 51, 142], [203, 497, 7, 498, 122]], 'Red']]
[[[[498, 154, 412, 236, 131], [67, 201, 10, 157, 30]], 'Blue'], [[[51, 113, 111, 39, 74], [86, 555, 45, 28, 498]], 'Red'], [[[83, 111, 145, 245, 18], [412, 107, 498, 131, 57]], 'Blue'], [[[555, 121, 45, 75, 80], [107, 101, 134, 86, 13]], 'Blue']]
[[[[53, 17, 236, 92, 55], [81, 4, 18, 30, 16]], 'Blue'], [[[412, 112, 420, 236, 54], [53, 76, 134, 114, 157]], 'Blue'], [[[112, 145, 20, 38, 39], [9, 64, 55, 58, 236]], 'Blue'], [[[145, 30, 246, 25, 98], [101, 41, 79, 43, 81]], 'Red']]
[[[[119, 40, 86, 84, 59], [122, 121, 8, 497, 498]], 'Red'], [[[57, 53, 157, 245, 81], [80, 59, 35, 498, 92]], 'Red'], [[[74, 43, 80, 59, 58], [134, 92, 245, 498, 161]], 'Blue'], [[[59, 145, 25, 122, 7], [350, 69, 1, 2, 92]], 'Red']]
[[[[222, 117, 164, 101, 60], [498, 10, 497, 121, 134]], 'Red'], [[[236, 8, 79, 150, 497], [89, 498, 59, 4, 78]], 'Red'], [[[61, 432, 41, 104, 236], [18, 50, 98, 91, 60]], 'Blue'], [[[412, 80, 154, 145, 50], [58, 498, 40, 60, 245]], 'Blue']]
[[[[92, 3, 157, 30, 16], [145, 111, 72, 14, 76]], 'Blue'], [[[64, 80, 10, 145, 16], [245, 75, 41, 497, 498]], 'Red'], [[[238, 245, 412, 114, 222], [164, 35, 112, 103, 63]], 'Blue'], [[[412, 107, 142, 10, 119], [61, 36, 85, 555, 51]], 'Blue']]
[[[[58, 28, 202, 26, 246], [163, 240, 157, 99, 236]], 'Red'], [[[62, 22, 80, 245, 61], [222, 497, 246, 106, 121]], 'Red'], [[[122, 350, 246, 86, 254], [412, 18, 29, 120, 13]], 'Red'], [[[122, 350, 246, 86, 236], [81, 518, 55, 266, 106]], 'Blue']]
[[[[111, 86, 119, 245, 246], [35, 10, 421, 164, 115]], 'Red'], [[[60, 350, 240, 236, 86], [20, 99, 92, 10, 498]], 'Blue'], [[[13, 18, 497, 39, 59], [412, 134, 51, 2, 85]], 'Blue'], [[[69, 81, 421, 74, 50], [35, 59, 223, 51, 13]], 'Red']]
[[[[350, 86, 76, 164, 81], [69, 10, 145, 111, 245]], 'Blue'], [[[142, 30, 236, 555, 58], [4, 76, 350, 81, 86]], 'Red'], [[[40, 236, 81, 28, 82], [64, 103, 498, 157, 497]], 'Blue'], [[[157, 133, 13, 412, 154], [267, 145, 7, 28, 112]], 'Blue']]
[[[[157, 127, 161, 59, 81], [83, 53, 555, 20, 74]], 'Red'], [[[107, 202, 61, 163, 53], [420, 31, 10, 101, 22]], 'Blue'], [[[25, 86, 517, 15, 134], [56, 41, 64, 236, 92]], 'Blue'], [[[54, 134, 429, 143, 420], [74, 6, 60, 110, 79]], 'Blue']]
[[[[238, 245, 412, 114, 222], [164, 35, 112, 103, 63]], 'Blue'], [[[119, 84, 92, 203, 350], [127, 25, 60, 22, 39]], 'Blue'], [[[36, 55, 76, 12, 120], [33, 11, 117, 498, 99]], 'Red'], [[[112, 517, 107, 13, 150], [142, 41, 82, 74, 18]], 'Blue']]
[[[[350, 38, 107, 164, 236], [112, 201, 81, 245, 114]], 'Blue'], [[[60, 497, 18, 13, 14], [10, 8, 81, 48, 555]], 'Red'], [[[64, 80, 10, 145, 16], [245, 75, 41, 497, 498]], 'Red'], [[[90, 82, 412, 498, 141], [24, 145, 201, 45, 121]], 'Blue']]
[[[[10, 59, 85, 22, 161], [246, 28, 240, 25, 51]], 'Red'], [[[21, 41, 102, 56, 25], [112, 236, 55, 22, 53]], 'Red'], [[[157, 222, 86, 61, 15], [131, 498, 29, 141, 9]], 'Blue'], [[[17, 50, 81, 136, 90], [222, 427, 412, 83, 267]], 'Blue']]
[[[[412, 127, 133, 64, 15], [145, 121, 81, 83, 53]], 'Blue'], [[[240, 64, 134, 498, 53], [54, 142, 86, 412, 81]], 'Blue'], [[[202, 53, 35, 131, 54], [13, 157, 22, 80, 76]], 'Blue'], [[[23, 53, 45, 64, 145], [201, 236, 60, 24, 68]], 'Red']]
[[[[134, 420, 24, 76, 16], [58, 53, 72, 8, 51]], 'Blue'], [[[53, 121, 246, 22, 82], [110, 161, 36, 8, 266]], 'Blue'], [[[2, 555, 81, 4, 13], [497, 82, 236, 64, 55]], 'Red'], [[[145, 203, 38, 39, 106], [60, 497, 498, 518, 246]], 'Blue']]
[[[[61, 203, 127, 518, 106], [25, 222, 412, 154, 35]], 'Red'], [[[26, 89, 6, 134, 15], [1, 236, 154, 350, 9]], 'Blue'], [[[163, 106, 19, 22, 18], [84, 13, 28, 67, 117]], 'Blue'], [[[82, 201, 236, 92, 55], [10, 427, 31, 498, 40]], 'Blue']]
[[[[202, 427, 267, 45, 164], [37, 40, 96, 101, 103]], 'Red'], [[[98, 145, 36, 89, 112], [101, 121, 555, 236, 41]], 'Red'], [[[41, 131, 60, 429, 412], [3, 245, 498, 92, 12]], 'Red'], [[[55, 42, 133, 90, 104], [201, 412, 115, 69, 86]], 'Red']]
[[[[24, 238, 20, 497, 145], [74, 81, 39, 350, 121]], 'Blue'], [[[61, 92, 111, 145, 120], [24, 25, 56, 45, 51]], 'Blue'], [[[267, 55, 236, 121, 78], [117, 84, 60, 157, 498]], 'Red'], [[[122, 10, 99, 127, 145], [245, 498, 64, 266, 412]], 'Red']]
[[[[76, 51, 16, 98, 10], [497, 141, 18, 39, 8]], 'Blue'], [[[29, 517, 81, 122, 89], [238, 22, 412, 58, 104]], 'Red'], [[[61, 20, 82, 51, 12], [64, 54, 117, 516, 202]], 'Red'], [[[90, 74, 59, 25, 498], [142, 222, 16, 79, 86]], 'Blue']]
[[[[81, 163, 121, 27, 96], [104, 555, 43, 45, 245]], 'Blue'], [[[50, 145, 76, 78, 18], [26, 64, 3, 22, 111]], 'Blue'], [[[4, 122, 67, 25, 28], [85, 555, 64, 145, 84]], 'Blue'], [[[91, 41, 53, 76, 202], [39, 72, 145, 412, 68]], 'Blue']]
[[[[64, 222, 68, 89, 80], [517, 236, 203, 84, 40]], 'Blue'], [[[266, 16, 64, 236, 517], [35, 8, 91, 145, 421]], 'Red'], [[[89, 24, 86, 145, 107], [111, 157, 79, 142, 498]], 'Red'], [[[68, 89, 18, 59, 131], [64, 157, 12, 13, 236]], 'Red']]
[[[[163, 516, 412, 39, 145], [157, 81, 35, 421, 3]], 'Red'], [[[81, 80, 40, 121, 10], [82, 114, 79, 498, 497]], 'Blue'], [[[517, 44, 122, 81, 64], [74, 4, 24, 59, 101]], 'Blue'], [[[81, 64, 35, 85, 10], [61, 86, 498, 497, 78]], 'Blue']]
[[[[134, 420, 84, 81, 99], [112, 15, 103, 12, 13]], 'Red'], [[[91, 412, 21, 136, 236], [103, 31, 63, 114, 25]], 'Red'], [[[10, 34, 516, 222, 7], [25, 48, 53, 40, 104]], 'Blue'], [[[119, 53, 31, 34, 114], [412, 268, 42, 30, 133]], 'Blue']]
[[[[55, 141, 350, 164, 145], [11, 236, 111, 54, 62]], 'Blue'], [[[3, 498, 497, 154, 114], [236, 64, 55, 350, 54]], 'Blue'], [[[63, 64, 236, 61, 498], [497, 31, 121, 81, 55]], 'Red'], [[[3, 84, 64, 498, 497], [145, 555, 4, 164, 121]], 'Blue']]
[[[[81, 79, 412, 145, 157], [421, 25, 107, 84, 51]], 'Red'], [[[36, 236, 23, 85, 412], [121, 246, 50, 81, 25]], 'Red'], [[[89, 79, 39, 145, 23], [67, 107, 84, 50, 8]], 'Red'], [[[22, 201, 5, 246, 98], [50, 43, 145, 67, 60]], 'Red']]
[[[[517, 145, 64, 44, 41], [10, 119, 17, 18, 555]], 'Blue'], [[[18, 412, 23, 45, 121], [85, 44, 13, 145, 64]], 'Red'], [[[67, 64, 43, 555, 8], [76, 429, 157, 101, 498]], 'Blue'], [[[127, 35, 4, 44, 145], [81, 64, 497, 10, 92]], 'Blue']]
[[[[24, 38, 497, 36, 498], [86, 111, 33, 22, 45]], 'Blue'], [[[60, 412, 4, 122, 145], [498, 516, 38, 24, 11]], 'Blue'], [[[24, 412, 1, 236, 59], [53, 28, 61, 39, 145]], 'Red'], [[[50, 266, 119, 145, 121], [267, 518, 54, 157, 421]], 'Red']]
[[[[39, 3, 99, 63, 51], [268, 80, 115, 64, 17]], 'Red'], [[[54, 203, 12, 240, 81], [30, 114, 498, 53, 74]], 'Blue'], [[[8, 104, 15, 76, 26], [59, 80, 498, 254, 17]], 'Blue']]
[[[[58, 517, 10, 105, 238], [29, 4, 82, 81, 31]], 'Blue'], [[[31, 104, 555, 105, 69], [498, 72, 41, 497, 81]], 'Blue'], [[[267, 236, 85, 246, 80], [412, 86, 5, 498, 163]], 'Blue'], [[[64, 55, 81, 86, 53], [157, 10, 131, 497, 104]], 'Blue']]
[[[[121, 143, 54, 555, 105], [64, 38, 126, 412, 236]], 'Red'], [[[22, 143, 59, 134, 85], [114, 64, 25, 517, 145]], 'Blue'], [[[2, 60, 412, 39, 69], [64, 55, 8, 67, 497]], 'Blue'], [[[121, 4, 145, 555, 86], [21, 60, 143, 114, 7]], 'Blue']]
[[[[223, 86, 74, 121, 22], [51, 412, 114, 107, 90]], 'Blue'], [[[28, 145, 245, 114, 143], [111, 236, 105, 30, 86]], 'Red'], [[[30, 86, 497, 39, 81], [555, 92, 127, 121, 51]], 'Blue'], [[[89, 59, 21, 99, 86], [246, 121, 8, 497, 498]], 'Blue']]
[[[[117, 106, 67, 131, 82], [54, 53, 22, 57, 84]], 'Blue'], [[[43, 126, 86, 119, 53], [11, 134, 22, 10, 99]], 'Red'], [[[37, 13, 99, 62, 110], [19, 7, 22, 75, 267]], 'Red'], [[[236, 517, 136, 498, 14], [51, 145, 101, 24, 64]], 'Blue']]
[[[[517, 59, 498, 497, 13], [33, 8, 90, 555, 236]], 'Blue'], [[[111, 236, 61, 80, 60], [99, 203, 240, 412, 145]], 'Blue'], [[[240, 164, 161, 69, 64], [13, 81, 121, 105, 555]], 'Red'], [[[26, 236, 8, 76, 23], [157, 412, 13, 92, 60]], 'Red']]
[[[[74, 81, 9, 24, 141], [10, 85, 15, 35, 555]], 'Red'], [[[80, 74, 35, 81, 104], [497, 498, 114, 18, 9]], 'Blue'], [[[74, 555, 81, 240, 121], [1, 80, 497, 498, 24]], 'Red'], [[[223, 86, 74, 121, 22], [51, 412, 114, 107, 90]], 'Blue']]
[[[[133, 53, 45, 56, 112], [81, 23, 9, 89, 10]], 'Red'], [[[59, 99, 23, 68, 81], [350, 18, 154, 22, 13]], 'Blue'], [[[517, 44, 122, 81, 64], [74, 4, 24, 59, 101]], 'Blue'], [[[81, 64, 35, 85, 10], [61, 86, 498, 497, 78]], 'Blue']]
[[[[498, 142, 555, 24, 60], [45, 69, 412, 164, 59]], 'Blue'], [[[39, 13, 141, 412, 29], [10, 54, 142, 51, 25]], 'Red'], [[[432, 85, 64, 57, 22], [105, 427, 90, 141, 266]], 'Red'], [[[105, 103, 31, 11, 236], [45, 86, 53, 32, 63]], 'Red']]
[[[[131, 58, 51, 25, 517], [120, 202, 412, 54, 18]], 'Red'], [[[164, 113, 131, 497, 498], [145, 25, 420, 7, 60]], 'Blue'], [[[90, 76, 25, 51, 266], [22, 43, 41, 517, 113]], 'Red'], [[[18, 157, 63, 236, 79], [39, 498, 497, 121, 25]], 'Blue']]
[[[[497, 7, 114, 67, 121], [122, 161, 555, 104, 99]], 'Blue'], [[[134, 111, 106, 84, 24], [61, 114, 555, 145, 107]], 'Red'], [[[154, 8, 86, 111, 157], [89, 516, 13, 421, 202]], 'Red'], [[[145, 114, 89, 112, 59], [122, 103, 412, 421, 21]], 'Red']]
[[[[201, 142, 222, 55, 63], [412, 115, 161, 82, 17]], 'Blue'], [[[134, 246, 223, 80, 145], [497, 54, 236, 44, 11]], 'Red'], [[[13, 121, 39, 157, 412], [119, 8, 56, 25, 9]], 'Red'], [[[61, 53, 81, 154, 114], [69, 121, 111, 119, 266]], 'Blue']]
[[[[164, 18, 106, 122, 9], [22, 48, 1, 99, 89]], 'Blue'], [[[350, 136, 127, 240, 2], [68, 59, 498, 35, 92]], 'Blue'], [[[86, 240, 350, 136, 121], [105, 498, 59, 35, 92]], 'Red'], [[[99, 82, 22, 59, 7], [55, 53, 58, 236, 245]], 'Red']]
[[[[3, 498, 497, 154, 114], [236, 64, 55, 350, 54]], 'Blue'], [[[126, 134, 92, 55, 25], [202, 245, 64, 114, 497]], 'Blue'], [[[3, 84, 64, 498, 497], [145, 555, 4, 164, 121]], 'Blue'], [[[56, 25, 236, 8, 91], [145, 150, 61, 246, 143]], 'Red']]
[[[[35, 45, 240, 76, 18], [126, 61, 245, 267, 236]], 'Blue'], [[[223, 86, 74, 121, 22], [51, 412, 114, 107, 90]], 'Blue'], [[[99, 64, 555, 164, 81], [4, 37, 44, 41, 60]], 'Blue'], [[[201, 240, 30, 61, 81], [497, 145, 126, 164, 245]], 'Red']]
[[[[143, 25, 1, 51, 117], [76, 34, 223, 92, 127]], 'Red'], [[[98, 75, 30, 59, 63], [134, 21, 72, 15, 432]], 'Red'], [[[268, 222, 498, 41, 53], [163, 92, 58, 238, 420]], 'Red'], [[[517, 43, 115, 412, 98], [22, 39, 51, 236, 110]], 'Red']]
[[[[412, 80, 240, 8, 22], [76, 497, 21, 164, 13]], 'Red'], [[[266, 81, 69, 19, 555], [145, 26, 64, 85, 90]], 'Red'], [[[236, 45, 19, 201, 82], [75, 119, 30, 157, 78]], 'Blue'], [[[145, 111, 19, 75, 142], [8, 18, 107, 91, 26]], 'Red']]
[[[[30, 26, 91, 74, 136], [245, 498, 555, 86, 64]], 'Red'], [[[5, 85, 246, 53, 74], [10, 203, 34, 81, 350]], 'Blue'], [[[2, 43, 145, 4, 555], [76, 412, 67, 18, 41]], 'Blue'], [[[89, 30, 10, 157, 498], [24, 497, 134, 236, 28]], 'Red']]
[[[[119, 40, 86, 84, 59], [122, 121, 8, 497, 498]], 'Red'], [[[74, 555, 81, 240, 121], [1, 80, 497, 498, 24]], 'Red'], [[[13, 121, 39, 157, 412], [119, 8, 56, 25, 9]], 'Red'], [[[61, 53, 81, 154, 114], [69, 121, 111, 119, 266]], 'Blue']]
[[[[54, 96, 555, 79, 58], [44, 8, 145, 113, 157]], 'Blue'], [[[106, 10, 30, 15, 8], [350, 164, 107, 18, 7]], 'Red'], [[[25, 18, 41, 42, 79], [81, 203, 350, 31, 10]], 'Blue'], [[[127, 86, 51, 16, 80], [13, 43, 145, 240, 79]], 'Red']]
[[[[64, 126, 7, 53, 51], [36, 145, 111, 86, 134]], 'Red'], [[[91, 41, 53, 76, 202], [39, 72, 145, 412, 68]], 'Blue'], [[[13, 145, 53, 86, 35], [76, 497, 498, 39, 8]], 'Red'], [[[53, 105, 36, 236, 68], [203, 84, 1, 555, 498]], 'Blue']]
[[[[3, 15, 54, 40, 80], [60, 82, 91, 22, 117]], 'Red'], [[[163, 157, 122, 134, 53], [30, 127, 240, 236, 412]], 'Red'], [[[412, 80, 240, 8, 22], [76, 497, 21, 164, 13]], 'Red'], [[[53, 8, 202, 80, 163], [84, 111, 134, 421, 119]], 'Blue']]
[[[[236, 517, 61, 64, 497], [134, 89, 59, 8, 498]], 'Red'], [[[517, 111, 145, 64, 85], [121, 69, 201, 119, 8]], 'Red'], [[[236, 53, 145, 82, 8], [142, 81, 28, 41, 555]], 'Blue'], [[[246, 64, 267, 164, 202], [105, 120, 92, 81, 412]], 'Blue']]
[[[[92, 40, 498, 141, 10], [23, 99, 518, 79, 222]], 'Blue'], [[[23, 518, 121, 22, 18], [39, 29, 10, 498, 26]], 'Blue'], [[[145, 412, 104, 114, 245], [111, 498, 203, 80, 91]], 'Red'], [[[91, 41, 53, 76, 202], [39, 72, 145, 412, 68]], 'Blue']]
[[[[13, 39, 421, 429, 53], [81, 89, 58, 64, 68]], 'Blue'], [[[9, 44, 11, 81, 43], [80, 13, 163, 497, 498]], 'Red'], [[[8, 121, 16, 498, 245], [13, 126, 60, 145, 412]], 'Red'], [[[4, 81, 432, 58, 60], [40, 498, 142, 80, 121]], 'Red']]
[[[[80, 134, 203, 412, 266], [236, 58, 25, 10, 245]], 'Red'], [[[28, 69, 111, 55, 122], [201, 126, 157, 13, 36]], 'Blue'], [[[11, 99, 68, 268, 16], [22, 236, 142, 10, 412]], 'Red'], [[[245, 86, 498, 53, 10], [157, 79, 55, 41, 106]], 'Red']]
[[[[134, 246, 154, 84, 89], [68, 61, 53, 203, 126]], 'Red'], [[[164, 498, 497, 240, 121], [246, 64, 412, 202, 13]], 'Blue'], [[[223, 85, 245, 107, 81], [497, 72, 58, 236, 134]], 'Red'], [[[80, 412, 18, 142, 245], [134, 16, 498, 30, 41]], 'Blue']]
[[[[142, 30, 236, 555, 58], [4, 76, 350, 81, 86]], 'Red'], [[[110, 111, 245, 134, 85], [13, 223, 80, 81, 141]], 'Red'], [[[83, 111, 245, 67, 90], [45, 64, 53, 99, 80]], 'Blue'], [[[111, 8, 142, 28, 157], [421, 69, 86, 74, 223]], 'Red']]
[[[[81, 24, 350, 44, 122], [145, 497, 80, 20, 2]], 'Red'], [[[43, 107, 68, 202, 122], [67, 11, 350, 44, 82]], 'Red'], [[[134, 246, 223, 80, 145], [497, 54, 236, 44, 11]], 'Red'], [[[86, 60, 111, 222, 99], [421, 51, 40, 127, 240]], 'Red']]
[[[[145, 64, 13, 99, 80], [17, 41, 4, 25, 21]], 'Red'], [[[163, 157, 122, 134, 53], [30, 127, 240, 236, 412]], 'Red'], [[[35, 45, 240, 76, 18], [126, 61, 245, 267, 236]], 'Blue'], [[[163, 516, 412, 39, 145], [157, 81, 35, 421, 3]], 'Red']]
[[[[110, 99, 7, 79, 121], [51, 34, 18, 57, 39]], 'Red'], [[[121, 126, 24, 53, 55], [202, 40, 35, 51, 164]], 'Red'], [[[142, 99, 51, 121, 223], [154, 9, 107, 498, 112]], 'Blue'], [[[23, 32, 267, 266, 67], [161, 8, 240, 50, 99]], 'Red']]
[[[[119, 23, 9, 112, 20], [81, 412, 68, 121, 134]], 'Red'], [[[18, 412, 23, 45, 121], [85, 44, 13, 145, 64]], 'Red'], [[[39, 81, 59, 99, 4], [114, 555, 236, 121, 7]], 'Red'], [[[34, 40, 41, 498, 64], [127, 122, 36, 26, 81]], 'Blue']]
[[[[202, 53, 35, 131, 54], [13, 157, 22, 80, 76]], 'Blue'], [[[154, 498, 412, 131, 84], [2, 145, 74, 111, 80]], 'Blue'], [[[53, 421, 498, 10, 68], [555, 35, 236, 240, 131]], 'Blue'], [[[40, 157, 145, 421, 8], [131, 41, 35, 497, 202]], 'Blue']]
[[[[31, 134, 157, 59, 35], [24, 1, 122, 412, 145]], 'Red'], [[[53, 238, 114, 119, 421], [3, 86, 81, 161, 35]], 'Blue'], [[[555, 268, 161, 18, 79], [84, 236, 201, 62, 8]], 'Blue'], [[[117, 92, 69, 13, 350], [4, 412, 145, 59, 10]], 'Red']]
[[[[61, 53, 81, 154, 114], [69, 121, 111, 119, 266]], 'Blue'], [[[266, 56, 268, 45, 11], [53, 497, 29, 69, 164]], 'Red'], [[[497, 203, 518, 517, 115], [21, 99, 121, 64, 427]], 'Red'], [[[10, 75, 222, 134, 201], [498, 12, 21, 142, 45]], 'Red']]
[[[[22, 246, 555, 516, 2], [91, 145, 497, 245, 10]], 'Red'], [[[240, 64, 134, 498, 53], [54, 142, 86, 412, 81]], 'Blue'], [[[89, 59, 21, 99, 86], [246, 121, 8, 497, 498]], 'Blue'], [[[111, 22, 10, 64, 86], [45, 236, 91, 89, 203]], 'Blue']]
[[[[119, 40, 86, 84, 59], [122, 121, 8, 497, 498]], 'Red'], [[[57, 53, 157, 245, 81], [80, 59, 35, 498, 92]], 'Red'], [[[22, 245, 143, 60, 240], [53, 145, 58, 2, 38]], 'Red'], [[[53, 105, 36, 236, 68], [203, 84, 1, 555, 498]], 'Blue']]
[[[[35, 21, 78, 67, 517], [55, 145, 24, 555, 54]], 'Red'], [[[84, 53, 150, 203, 145], [126, 30, 163, 18, 555]], 'Red'], [[[89, 30, 10, 157, 498], [24, 497, 134, 236, 28]], 'Red'], [[[421, 53, 83, 8, 67], [236, 89, 10, 35, 164]], 'Red']]
[[[[105, 236, 10, 121, 267], [91, 74, 56, 145, 111]], 'Blue'], [[[22, 32, 34, 82, 412], [82, 240, 150, 59, 90]], 'Red'], [[[7, 92, 39, 9, 350], [145, 555, 59, 55, 92]], 'Blue'], [[[59, 26, 157, 122, 236], [91, 92, 81, 9, 12]], 'Red']]
[[[[12, 240, 81, 60, 246], [30, 497, 498, 86, 99]], 'Red'], [[[22, 122, 50, 161, 245], [64, 142, 236, 126, 412]], 'Red'], [[[67, 60, 240, 50, 4], [122, 111, 2, 145, 103]], 'Blue'], [[[498, 30, 497, 516, 127], [412, 51, 91, 121, 86]], 'Blue']]
[[[[164, 245, 80, 202, 412], [17, 518, 121, 114, 61]], 'Red'], [[[246, 421, 143, 21, 518], [53, 2, 86, 7, 45]], 'Red'], [[[163, 157, 122, 134, 53], [30, 127, 240, 236, 412]], 'Red'], [[[131, 498, 412, 240, 64], [76, 122, 18, 555, 51]], 'Blue']]
[[[[141, 25, 80, 7, 51], [203, 240, 16, 222, 245]], 'Blue'], [[[84, 141, 80, 117, 81], [25, 157, 60, 91, 51]], 'Blue'], [[[69, 80, 8, 350, 64], [421, 145, 111, 10, 54]], 'Blue'], [[[164, 112, 80, 113, 157], [117, 96, 245, 61, 98]], 'Red']]
[[[[412, 421, 27, 4, 45], [245, 145, 79, 111, 157]], 'Blue'], [[[3, 84, 64, 498, 497], [145, 555, 4, 164, 121]], 'Blue'], [[[412, 22, 126, 30, 3], [80, 142, 555, 498, 86]], 'Red'], [[[89, 4, 85, 120, 69], [17, 145, 64, 112, 412]], 'Red']]
[[[[350, 86, 76, 164, 81], [69, 10, 145, 111, 245]], 'Blue'], [[[164, 245, 80, 202, 412], [17, 518, 121, 114, 61]], 'Red'], [[[246, 421, 143, 21, 518], [53, 2, 86, 7, 45]], 'Red'], [[[163, 157, 122, 134, 53], [30, 127, 240, 236, 412]], 'Red']]
[[[[498, 99, 164, 16, 203], [30, 245, 555, 157, 145]], 'Red'], [[[2, 89, 236, 13, 68], [43, 163, 81, 58, 8]], 'Red'], [[[119, 18, 246, 412, 8], [127, 114, 111, 22, 30]], 'Red'], [[[51, 53, 86, 74, 163], [240, 35, 21, 12, 4]], 'Red']]
[[[[25, 51, 64, 74, 75], [56, 497, 8, 498, 518]], 'Blue'], [[[64, 63, 105, 74, 236], [36, 28, 81, 134, 40]], 'Blue'], [[[13, 555, 202, 245, 164], [497, 145, 18, 203, 3]], 'Red'], [[[245, 117, 98, 53, 22], [13, 412, 64, 119, 122]], 'Blue']]
[[[[164, 161, 555, 30, 498], [412, 64, 55, 145, 31]], 'Red'], [[[81, 55, 412, 121, 79], [236, 112, 104, 53, 516]], 'Red'], [[[412, 67, 110, 142, 154], [64, 119, 53, 55, 122]], 'Red'], [[[40, 51, 10, 99, 143], [63, 113, 14, 429, 236]], 'Blue']]
[[[[67, 76, 498, 555, 101], [69, 203, 238, 114, 497]], 'Red'], [[[64, 164, 74, 432, 51], [41, 16, 20, 4, 498]], 'Blue'], [[[25, 51, 30, 69, 84], [78, 74, 76, 350, 119]], 'Red'], [[[497, 498, 59, 61, 85], [245, 246, 25, 134, 98]], 'Red']]
[[[[518, 145, 8, 412, 421], [53, 55, 92, 79, 236]], 'Blue'], [[[134, 111, 106, 84, 24], [61, 114, 555, 145, 107]], 'Red'], [[[55, 53, 427, 81, 39], [37, 64, 44, 80, 10]], 'Red'], [[[134, 350, 3, 80, 59], [127, 81, 58, 76, 43]], 'Red']]
[[[[76, 4, 75, 267, 119], [51, 245, 350, 92, 39]], 'Blue'], [[[4, 22, 53, 58, 141], [30, 51, 43, 38, 24]], 'Blue'], [[[38, 84, 99, 64, 81], [21, 421, 10, 516, 85]], 'Blue'], [[[51, 412, 245, 10, 18], [236, 134, 77, 25, 238]], 'Red']]
[[[[8, 12, 122, 115, 45], [203, 29, 21, 74, 31]], 'Red'], [[[99, 110, 236, 81, 64], [163, 112, 45, 59, 161]], 'Blue'], [[[43, 498, 150, 10, 60], [39, 1, 163, 107, 16]], 'Blue'], [[[23, 53, 45, 64, 145], [201, 236, 60, 24, 68]], 'Red']]
[[[[25, 51, 64, 74, 75], [56, 497, 8, 498, 518]], 'Blue'], [[[3, 15, 54, 40, 80], [60, 82, 91, 22, 117]], 'Red'], [[[4, 412, 498, 80, 30], [421, 61, 145, 497, 114]], 'Blue'], [[[83, 111, 245, 67, 90], [45, 64, 53, 99, 80]], 'Blue']]
[[[[74, 81, 9, 24, 141], [10, 85, 15, 35, 555]], 'Red'], [[[350, 103, 115, 30, 121], [25, 112, 68, 75, 45]], 'Blue'], [[[555, 157, 246, 40, 8], [6, 266, 14, 131, 20]], 'Blue'], [[[45, 555, 121, 51, 164], [517, 421, 9, 145, 58]], 'Red']]
[[[[22, 103, 84, 16, 25], [121, 45, 122, 9, 22]], 'Blue'], [[[53, 8, 202, 80, 163], [84, 111, 134, 421, 119]], 'Blue'], [[[161, 29, 117, 28, 86], [13, 412, 51, 92, 28]], 'Blue'], [[[53, 86, 236, 121, 91], [29, 117, 112, 107, 427]], 'Red']]
[[[[126, 134, 92, 55, 25], [202, 245, 64, 114, 497]], 'Blue'], [[[163, 90, 16, 145, 98], [57, 133, 89, 80, 38]], 'Blue'], [[[2, 60, 412, 39, 69], [64, 55, 8, 67, 497]], 'Blue'], [[[498, 497, 163, 5, 92], [35, 99, 117, 107, 67]], 'Blue']]
[[[[30, 4, 8, 51, 350], [497, 35, 145, 142, 5]], 'Blue'], [[[8, 43, 30, 157, 81], [51, 14, 25, 245, 99]], 'Red'], [[[82, 267, 202, 79, 35], [45, 103, 154, 39, 350]], 'Red'], [[[555, 134, 245, 98, 37], [74, 11, 35, 157, 8]], 'Blue']]
[[[[412, 421, 27, 4, 45], [245, 145, 79, 111, 157]], 'Blue'], [[[266, 497, 104, 81, 84], [555, 126, 245, 45, 86]], 'Blue'], [[[84, 92, 81, 157, 53], [127, 16, 236, 39, 163]], 'Red'], [[[246, 111, 17, 119, 245], [10, 81, 1, 2, 555]], 'Red']]
[[[[497, 498, 79, 245, 104], [10, 89, 145, 60, 240]], 'Red'], [[[246, 421, 143, 21, 518], [53, 2, 86, 7, 45]], 'Red'], [[[517, 145, 64, 44, 41], [10, 119, 17, 18, 555]], 'Blue'], [[[80, 81, 74, 61, 245], [4, 134, 64, 240, 111]], 'Blue']]
[[[[64, 18, 266, 68, 89], [421, 81, 43, 134, 54]], 'Blue'], [[[122, 117, 236, 245, 86], [64, 81, 267, 4, 516]], 'Red'], [[[163, 51, 43, 90, 98], [15, 32, 8, 267, 38]], 'Blue'], [[[64, 81, 43, 555, 41], [92, 145, 104, 89, 1]], 'Red']]
[[[[90, 64, 266, 111, 110], [27, 39, 30, 498, 555]], 'Red'], [[[517, 59, 498, 497, 13], [33, 8, 90, 555, 236]], 'Blue'], [[[157, 53, 142, 58, 104], [30, 350, 56, 99, 15]], 'Red'], [[[81, 61, 2, 350, 122], [145, 8, 90, 12, 104]], 'Blue']]
[[[[26, 80, 103, 104, 59], [13, 22, 64, 134, 35]], 'Blue'], [[[246, 59, 38, 35, 69], [412, 81, 2, 91, 39]], 'Blue'], [[[110, 111, 245, 134, 85], [13, 223, 80, 81, 141]], 'Red'], [[[134, 114, 2, 119, 412], [25, 39, 5, 145, 246]], 'Red']]
[[[[84, 122, 30, 67, 25], [51, 31, 157, 517, 111]], 'Blue'], [[[64, 222, 68, 89, 80], [517, 236, 203, 84, 40]], 'Blue'], [[[266, 16, 64, 236, 517], [35, 8, 91, 145, 421]], 'Red'], [[[86, 53, 421, 21, 42], [35, 69, 41, 81, 40]], 'Red']]
[[[[157, 245, 27, 412, 142], [69, 17, 81, 53, 24]], 'Blue'], [[[25, 51, 64, 74, 75], [56, 497, 8, 498, 518]], 'Blue'], [[[62, 33, 45, 13, 99], [498, 51, 267, 236, 101]], 'Blue'], [[[41, 420, 110, 497, 141], [145, 48, 555, 8, 498]], 'Red']]
[[[[164, 245, 80, 202, 412], [17, 518, 121, 114, 61]], 'Red'], [[[145, 99, 59, 24, 7], [64, 157, 236, 412, 8]], 'Blue'], [[[127, 35, 4, 44, 145], [81, 64, 497, 10, 92]], 'Blue'], [[[163, 268, 29, 27, 40], [201, 51, 35, 61, 80]], 'Red']]
[[[[1, 555, 266, 17, 8], [202, 61, 420, 55, 245]], 'Red'], [[[350, 99, 12, 85, 59], [110, 63, 14, 18, 8]], 'Red'], [[[53, 54, 79, 145, 8], [245, 84, 412, 67, 240]], 'Blue'], [[[8, 51, 89, 254, 157], [421, 517, 99, 236, 240]], 'Red']]
[[[[25, 51, 64, 74, 75], [56, 497, 8, 498, 518]], 'Blue'], [[[82, 28, 80, 25, 145], [81, 56, 51, 98, 4]], 'Blue'], [[[31, 104, 555, 105, 69], [498, 72, 41, 497, 81]], 'Blue'], [[[150, 131, 245, 145, 40], [41, 240, 157, 64, 497]], 'Red']]
[[[[267, 120, 81, 4, 8], [498, 99, 11, 24, 44]], 'Red'], [[[111, 245, 145, 157, 8], [498, 497, 80, 20, 122]], 'Red'], [[[412, 80, 240, 8, 22], [76, 497, 21, 164, 13]], 'Red'], [[[53, 8, 202, 80, 163], [84, 111, 134, 421, 119]], 'Blue']]
[[[[498, 79, 13, 53, 157], [64, 8, 74, 25, 145]], 'Blue'], [[[114, 421, 55, 99, 236], [121, 134, 43, 122, 84]], 'Red'], [[[35, 28, 21, 8, 238], [37, 4, 121, 114, 498]], 'Red'], [[[10, 518, 164, 29, 145], [103, 163, 122, 81, 35]], 'Blue']]
[[[[58, 28, 498, 84, 350], [111, 90, 246, 104, 145]], 'Red'], [[[81, 102, 164, 18, 53], [111, 145, 69, 246, 42]], 'Red'], [[[121, 412, 145, 68, 80], [81, 53, 2, 23, 131]], 'Red'], [[[236, 121, 84, 12, 240], [104, 8, 246, 81, 201]], 'Red']]
[[[[112, 145, 246, 164, 53], [141, 223, 157, 350, 51]], 'Blue'], [[[81, 99, 74, 84, 68], [21, 40, 37, 3, 30]], 'Blue'], [[[114, 3, 6, 28, 115], [236, 15, 497, 67, 518]], 'Blue'], [[[106, 86, 54, 43, 81], [99, 107, 517, 22, 64]], 'Blue']]
[[[[133, 420, 516, 24, 236], [517, 55, 80, 163, 61]], 'Blue'], [[[41, 35, 45, 60, 58], [54, 81, 57, 39, 16]], 'Blue'], [[[421, 61, 432, 50, 122], [57, 13, 245, 145, 53]], 'Blue'], [[[432, 57, 3, 119, 121], [25, 82, 51, 64, 55]], 'Blue']]
[[[[74, 81, 9, 24, 141], [10, 85, 15, 35, 555]], 'Red'], [[[80, 74, 35, 81, 104], [497, 498, 114, 18, 9]], 'Blue'], [[[2, 69, 267, 141, 119], [84, 51, 13, 99, 427]], 'Red'], [[[13, 103, 101, 131, 29], [266, 122, 8, 429, 59]], 'Red']]
[[[[236, 8, 245, 80, 412], [12, 45, 21, 72, 39]], 'Blue'], [[[164, 245, 80, 202, 412], [17, 518, 121, 114, 61]], 'Red'], [[[246, 421, 143, 21, 518], [53, 2, 86, 7, 45]], 'Red'], [[[104, 412, 164, 145, 99], [21, 518, 254, 23, 82]], 'Red']]
[[[[3, 15, 54, 40, 80], [60, 82, 91, 22, 117]], 'Red'], [[[35, 45, 84, 64, 2], [119, 105, 121, 24, 101]], 'Red'], [[[432, 122, 107, 105, 69], [412, 64, 3, 86, 80]], 'Blue'], [[[54, 203, 12, 240, 81], [30, 114, 498, 53, 74]], 'Blue']]
[[[[4, 412, 498, 80, 30], [421, 61, 145, 497, 114]], 'Blue'], [[[4, 41, 25, 20, 51], [245, 498, 238, 236, 497]], 'Blue'], [[[81, 39, 3, 161, 245], [92, 4, 350, 236, 60]], 'Red'], [[[114, 2, 53, 4, 236], [89, 119, 23, 92, 45]], 'Blue']]
[[[[236, 30, 267, 54, 245], [45, 33, 91, 41, 111]], 'Blue'], [[[236, 145, 30, 40, 91], [53, 2, 41, 238, 134]], 'Blue'], [[[163, 516, 412, 39, 145], [157, 81, 35, 421, 3]], 'Red'], [[[421, 61, 432, 50, 122], [57, 13, 245, 145, 53]], 'Blue']]
[[[[412, 64, 80, 1, 145], [266, 55, 497, 421, 498]], 'Blue'], [[[25, 8, 236, 421, 4], [60, 81, 555, 92, 55]], 'Red'], [[[412, 8, 55, 421, 145], [10, 51, 25, 80, 59]], 'Blue'], [[[60, 17, 145, 53, 18], [236, 2, 142, 412, 8]], 'Red']]
[[[[497, 498, 79, 245, 104], [10, 89, 145, 60, 240]], 'Red'], [[[2, 74, 41, 45, 555], [266, 245, 350, 105, 104]], 'Blue'], [[[145, 157, 497, 86, 76], [121, 36, 246, 518, 74]], 'Blue'], [[[111, 202, 240, 236, 79], [142, 51, 143, 141, 86]], 'Red']]
[[[[104, 8, 81, 86, 99], [555, 92, 33, 134, 246]], 'Blue'], [[[517, 145, 64, 44, 41], [10, 119, 17, 18, 555]], 'Blue'], [[[498, 79, 13, 53, 157], [64, 8, 74, 25, 145]], 'Blue'], [[[12, 8, 64, 84, 236], [59, 81, 89, 245, 13]], 'Red']]
[[[[7, 53, 429, 246, 42], [82, 99, 48, 121, 69]], 'Red'], [[[79, 111, 119, 240, 84], [427, 22, 53, 24, 45]], 'Red'], [[[203, 111, 145, 240, 39], [2, 22, 53, 85, 127]], 'Red'], [[[81, 122, 21, 8, 48], [2, 74, 35, 266, 18]], 'Red']]
[[[[67, 58, 64, 111, 1], [412, 105, 236, 59, 80]], 'Red'], [[[145, 114, 104, 245, 45], [497, 91, 498, 59, 8]], 'Red'], [[[80, 421, 111, 122, 145], [236, 64, 245, 267, 2]], 'Red'], [[[126, 43, 202, 497, 517], [98, 86, 202, 54, 143]], 'Red']]
[[[[350, 86, 76, 164, 81], [69, 10, 145, 111, 245]], 'Blue'], [[[35, 80, 34, 412, 51], [64, 25, 58, 236, 142]], 'Red'], [[[18, 39, 120, 350, 13], [10, 22, 104, 35, 4]], 'Red'], [[[80, 10, 498, 64, 35], [69, 59, 236, 86, 516]], 'Red']]
[[[[103, 104, 54, 143, 134], [110, 15, 114, 497, 350]], 'Blue'], [[[90, 267, 145, 10, 119], [22, 43, 89, 6, 9]], 'Red'], [[[14, 6, 240, 80, 24], [56, 42, 98, 26, 99]], 'Blue'], [[[30, 61, 22, 350, 98], [412, 24, 115, 245, 498]], 'Red']]
[[[[412, 80, 240, 8, 22], [76, 497, 21, 164, 13]], 'Red'], [[[53, 8, 202, 80, 163], [84, 111, 134, 421, 119]], 'Blue'], [[[497, 238, 78, 245, 119], [33, 24, 555, 13, 222]], 'Red'], [[[8, 111, 498, 20, 41], [67, 53, 245, 90, 24]], 'Blue']]
[[[[121, 10, 69, 236, 412], [22, 53, 421, 90, 133]], 'Blue'], [[[53, 8, 202, 80, 163], [84, 111, 134, 421, 119]], 'Blue'], [[[141, 25, 80, 7, 51], [203, 240, 16, 222, 245]], 'Blue'], [[[432, 57, 3, 119, 121], [25, 82, 51, 64, 55]], 'Blue']]
[[[[74, 81, 9, 24, 141], [10, 85, 15, 35, 555]], 'Red'], [[[80, 74, 35, 81, 104], [497, 498, 114, 18, 9]], 'Blue'], [[[121, 89, 119, 85, 38], [30, 91, 81, 555, 7]], 'Red'], [[[30, 26, 91, 74, 136], [245, 498, 555, 86, 64]], 'Red']]
[[[[83, 111, 245, 67, 90], [45, 64, 53, 99, 80]], 'Blue'], [[[39, 81, 55, 555, 64], [24, 134, 99, 80, 79]], 'Red'], [[[31, 44, 20, 157, 15], [80, 45, 25, 164, 2]], 'Blue'], [[[104, 40, 81, 420, 131], [51, 45, 412, 246, 5]], 'Red']]
[[[[27, 107, 157, 54, 111], [236, 412, 68, 38, 64]], 'Red'], [[[145, 99, 59, 24, 7], [64, 157, 236, 412, 8]], 'Blue'], [[[163, 157, 122, 134, 53], [30, 127, 240, 236, 412]], 'Red'], [[[121, 10, 69, 236, 412], [22, 53, 421, 90, 133]], 'Blue']]
[[[[23, 516, 420, 12, 57], [127, 43, 85, 421, 20]], 'Red'], [[[105, 55, 37, 111, 15], [16, 164, 35, 17, 133]], 'Blue'], [[[51, 91, 25, 68, 421], [497, 145, 10, 246, 157]], 'Blue'], [[[134, 84, 141, 555, 82], [111, 157, 59, 68, 10]], 'Red']]
[[[[145, 412, 104, 114, 245], [111, 498, 203, 80, 91]], 'Red'], [[[91, 350, 236, 421, 84], [56, 1, 21, 76, 12]], 'Red'], [[[40, 104, 81, 57, 157], [59, 127, 236, 122, 16]], 'Blue'], [[[38, 427, 25, 51, 92], [142, 30, 21, 8, 412]], 'Blue']]
[[[[3, 498, 497, 154, 114], [236, 64, 55, 350, 54]], 'Blue'], [[[3, 84, 64, 498, 497], [145, 555, 4, 164, 121]], 'Blue'], [[[412, 22, 126, 30, 3], [80, 142, 555, 498, 86]], 'Red'], [[[412, 145, 80, 161, 2], [3, 518, 240, 45, 82]], 'Blue']]
[[[[45, 157, 48, 75, 22], [145, 99, 81, 268, 8]], 'Red'], [[[32, 34, 17, 6, 45], [89, 67, 86, 74, 8]], 'Blue'], [[[54, 498, 412, 421, 246], [51, 120, 157, 18, 350]], 'Blue'], [[[412, 157, 59, 131, 64], [89, 13, 22, 39, 245]], 'Blue']]
